%HyperDAG from a random DAG with expected indegree 6.00.
%Each node is chosen as a source with probability 0.00
214 250 1660
0 1
1 1
2 1
3 1
4 1
5 1
6 1
7 1
8 1
9 1
10 1
11 1
12 1
13 1
14 1
15 1
16 1
17 1
18 1
19 1
20 1
21 1
22 1
23 1
24 1
25 1
26 1
27 1
28 1
29 1
30 1
31 1
32 1
33 1
34 1
35 1
36 1
37 1
38 1
39 1
40 1
41 1
42 1
43 1
44 1
45 1
46 1
47 1
48 1
49 1
50 1
51 1
52 1
53 1
54 1
55 1
56 1
57 1
58 1
59 1
60 1
61 1
62 1
63 1
64 1
65 1
66 1
67 1
68 1
69 1
70 1
71 1
72 1
73 1
74 1
75 1
76 1
77 1
78 1
79 1
80 1
81 1
82 1
83 1
84 1
85 1
86 1
87 1
88 1
89 1
90 1
91 1
92 1
93 1
94 1
95 1
96 1
97 1
98 1
99 1
100 1
101 1
102 1
103 1
104 1
105 1
106 1
107 1
108 1
109 1
110 1
111 1
112 1
113 1
114 1
115 1
116 1
117 1
118 1
119 1
120 1
121 1
122 1
123 1
124 1
125 1
126 1
127 1
128 1
129 1
130 1
131 1
132 1
133 1
134 1
135 1
136 1
137 1
138 1
139 1
140 1
141 1
142 1
143 1
144 1
145 1
146 1
147 1
148 1
149 1
150 1
151 1
152 1
153 1
154 1
155 1
156 1
157 1
158 1
159 1
160 1
161 1
162 1
163 1
164 1
165 1
166 1
167 1
168 1
169 1
170 1
171 1
172 1
173 1
174 1
175 1
176 1
177 1
178 1
179 1
180 1
181 1
182 1
183 1
184 1
185 1
186 1
187 1
188 1
189 1
190 1
191 1
192 1
193 1
194 1
195 1
196 1
197 1
198 1
199 1
200 1
201 1
202 1
203 1
204 1
205 1
206 1
207 1
208 1
209 1
210 1
211 1
212 1
213 1
0 0
1 0
2 1
3 2
4 3
5 4
6 5
7 5
8 3
9 5
10 6
11 5
12 5
13 2
14 6
15 7
16 5
17 8
18 5
19 1
20 6
21 3
22 6
23 4
24 4
25 5
26 3
27 7
28 4
29 4
30 7
31 2
32 5
33 2
34 3
35 5
36 4
37 6
38 4
39 7
40 10
41 5
42 5
43 5
44 3
45 7
46 6
47 3
48 2
49 6
50 6
51 9
52 7
53 7
54 2
55 9
56 4
57 5
58 5
59 3
60 8
61 6
62 8
63 6
64 4
65 1
66 6
67 3
68 2
69 4
70 8
71 3
72 4
73 8
74 7
75 3
76 6
77 7
78 7
79 8
80 6
81 4
82 3
83 6
84 3
85 7
86 6
87 0
88 5
89 5
90 7
91 4
92 4
93 2
94 5
95 1
96 6
97 8
98 6
99 7
100 3
101 4
102 6
103 4
104 2
105 2
106 7
107 4
108 4
109 6
110 5
111 4
112 9
113 5
114 5
115 3
116 0
117 5
118 4
119 7
120 7
121 10
122 7
123 4
124 2
125 5
126 8
127 2
128 2
129 8
130 5
131 5
132 7
133 4
134 8
135 10
136 6
137 6
138 6
139 4
140 5
141 5
142 5
143 2
144 1
145 3
146 2
147 3
148 3
149 6
150 8
151 2
152 3
153 10
154 1
155 8
156 3
157 4
158 1
159 3
160 4
161 7
162 6
163 6
164 5
165 3
166 2
167 6
168 3
169 2
170 4
171 3
172 3
173 7
174 11
175 5
176 4
177 6
178 5
179 4
180 4
181 9
182 5
183 3
184 4
185 2
186 4
187 1
188 7
189 5
190 7
191 5
192 10
193 4
194 7
195 7
196 5
197 4
198 5
199 3
200 4
201 5
202 5
203 0
204 1
205 9
206 9
207 7
208 5
209 1
210 4
211 6
212 4
213 7
214 5
215 2
216 5
217 6
218 8
219 2
220 4
221 9
222 3
223 7
224 6
225 4
226 0
227 5
228 4
229 5
230 2
231 10
232 5
233 2
234 7
235 5
236 6
237 4
238 4
239 3
240 3
241 3
242 3
243 8
244 4
245 4
246 3
247 7
248 5
249 5
0 0
0 1
0 2
0 3
0 4
0 5
0 6
0 8
0 9
0 10
0 11
0 15
0 16
0 17
0 18
0 22
0 25
0 30
0 41
0 42
0 46
0 50
0 62
0 76
0 77
0 81
0 153
0 187
0 223
0 229
1 1
1 2
1 3
1 4
1 5
1 6
1 7
1 10
1 12
1 15
1 18
1 20
1 25
1 29
1 31
1 33
1 45
1 47
1 54
1 70
1 83
1 84
1 112
1 141
1 155
1 163
1 198
2 2
2 3
2 4
2 5
2 6
2 7
2 8
2 10
2 11
2 16
2 17
2 27
2 31
2 51
2 68
2 70
2 74
2 88
2 122
2 137
2 147
2 149
2 168
2 173
2 211
2 225
2 249
3 3
3 4
3 5
3 6
3 7
3 9
3 10
3 12
3 13
3 17
3 20
3 23
3 28
3 29
3 36
3 39
3 40
3 55
3 70
3 102
3 126
3 129
3 131
3 167
3 188
3 211
4 4
4 5
4 6
4 7
4 8
4 10
4 11
4 12
4 14
4 16
4 17
4 18
4 19
4 21
4 26
4 37
4 39
4 40
4 46
4 49
4 51
4 59
4 60
4 78
4 88
4 94
4 99
4 110
4 125
4 134
4 177
4 193
4 211
4 232
4 236
4 239
5 5
5 6
5 7
5 9
5 10
5 11
5 13
5 18
5 23
5 32
5 36
5 37
5 43
5 55
5 60
5 90
5 135
5 147
5 152
5 176
6 6
6 7
6 8
6 9
6 11
6 14
6 16
6 22
6 24
6 27
6 37
6 40
6 51
6 62
6 70
6 73
6 78
6 92
6 121
6 231
7 7
7 9
7 12
7 15
7 20
7 29
7 31
7 56
7 87
7 138
7 143
7 163
7 188
7 207
7 249
8 8
8 9
8 12
8 14
8 16
8 20
8 21
8 23
8 26
8 37
8 39
8 40
8 62
8 66
8 73
8 153
8 155
8 231
8 242
9 9
9 10
9 14
9 15
9 16
9 17
9 27
9 33
9 38
9 50
9 58
9 61
9 78
9 86
9 96
9 112
9 117
9 130
9 160
10 10
10 11
10 12
10 13
10 14
10 15
10 17
10 20
10 22
10 27
10 28
10 33
10 35
10 37
10 46
10 52
10 58
10 63
10 80
10 92
10 104
10 107
10 113
10 118
10 156
10 175
10 219
10 222
10 247
11 11
11 15
11 28
11 30
11 42
11 62
11 63
11 69
11 77
11 86
11 106
11 109
11 171
11 186
11 236
12 12
12 14
12 17
12 22
12 30
12 45
12 48
12 54
12 57
12 59
12 60
12 66
12 72
12 82
12 121
12 131
12 135
12 137
12 148
12 176
12 178
12 179
12 180
12 184
12 189
12 236
13 13
13 14
13 15
13 22
13 28
13 30
13 37
13 45
13 60
13 78
13 112
13 130
13 150
13 177
13 182
13 198
13 202
14 14
14 15
14 17
14 18
14 20
14 21
14 23
14 24
14 29
14 36
14 41
14 45
14 52
14 58
14 80
14 97
14 126
14 142
14 153
14 195
14 209
14 227
14 231
14 243
15 15
15 25
15 27
15 30
15 32
15 39
15 44
15 75
15 123
15 161
15 171
16 16
16 17
16 19
16 21
16 22
16 25
16 27
16 29
16 59
16 78
16 79
16 85
16 102
16 135
16 175
16 200
16 243
17 17
17 18
17 20
17 22
17 24
17 25
17 27
17 32
17 40
17 43
17 45
17 49
17 53
17 89
17 103
17 131
17 175
17 196
17 217
17 221
18 18
18 40
18 49
18 50
18 52
18 53
18 66
18 90
18 106
18 112
18 192
19 19
19 30
19 35
19 38
19 52
19 63
19 67
19 79
19 88
19 98
19 103
19 108
19 110
19 115
19 148
19 197
19 244
20 20
20 26
20 30
20 34
20 36
20 39
20 50
20 61
20 77
20 92
20 97
20 105
20 132
20 185
20 195
20 224
20 228
21 21
21 23
21 46
21 50
21 61
21 76
21 122
21 178
22 22
22 24
22 25
22 26
22 27
22 32
22 42
22 47
22 52
22 72
22 91
22 97
22 99
22 132
22 148
22 173
22 191
22 206
23 23
23 24
23 28
23 39
23 43
23 45
23 51
23 55
23 56
23 57
23 58
23 63
23 66
23 68
23 73
23 82
23 118
23 150
23 174
23 183
23 206
23 221
23 237
24 24
24 68
24 77
24 96
24 98
24 119
24 189
24 190
24 200
24 228
25 25
25 30
25 32
25 46
25 56
25 58
25 91
25 153
25 180
25 186
25 192
25 221
25 224
25 229
26 26
26 35
26 40
26 43
26 51
26 52
26 73
26 82
26 129
26 135
26 153
26 161
26 201
27 27
27 34
27 39
27 44
27 51
27 69
27 81
27 107
27 153
27 174
28 28
28 40
28 41
28 42
28 44
28 61
28 71
28 103
28 111
28 126
28 131
28 166
28 240
29 29
29 36
29 38
29 51
29 53
29 88
29 112
29 150
29 157
29 179
29 182
29 205
30 30
30 32
30 35
30 37
30 38
30 40
30 49
30 60
30 78
30 101
30 114
30 130
30 194
30 204
30 205
30 230
30 234
31 31
31 34
31 38
31 41
31 53
31 55
31 71
31 76
31 85
31 94
31 119
31 210
32 32
32 41
32 46
32 70
32 162
32 186
32 220
33 33
33 34
33 35
33 39
33 43
33 45
33 51
33 53
33 63
33 81
33 93
33 173
33 218
34 34
34 35
34 53
34 55
34 59
34 64
34 65
34 81
34 98
34 99
34 119
34 129
34 137
34 138
34 224
35 35
35 46
35 50
35 57
35 77
35 83
35 121
35 142
35 158
35 191
35 208
36 36
36 40
36 42
36 43
36 60
36 67
36 114
36 120
36 121
36 155
37 37
37 40
37 52
37 54
37 60
37 74
37 77
37 122
37 141
37 174
38 38
38 84
38 86
38 88
38 107
38 141
38 188
38 217
38 237
39 39
39 47
39 48
39 57
39 121
39 216
39 234
39 247
40 40
40 41
40 42
40 45
40 64
40 65
40 66
40 90
40 120
40 173
40 194
40 223
41 41
41 64
41 70
41 74
41 75
41 86
41 109
41 134
41 138
41 140
41 172
41 206
42 42
42 60
42 61
42 73
42 76
42 99
42 112
42 122
42 125
42 134
42 135
42 149
43 43
43 44
43 48
43 51
43 56
43 58
43 84
43 90
43 102
43 120
43 123
43 133
43 135
43 136
43 139
43 181
44 44
44 49
44 52
44 53
44 55
44 73
44 132
44 174
45 45
45 49
45 55
45 76
45 84
45 90
45 100
45 113
45 117
45 129
45 132
45 134
45 195
45 224
46 46
46 47
46 61
46 79
46 85
46 93
46 134
46 149
46 186
46 248
47 47
47 53
47 55
47 57
47 60
47 62
47 69
47 80
47 160
47 189
47 191
47 192
47 223
47 226
48 48
48 49
48 51
48 66
48 67
48 69
48 74
48 86
48 96
48 102
48 105
48 120
48 123
48 138
48 145
48 181
48 225
49 49
49 50
49 129
49 138
49 217
49 247
50 50
50 61
50 62
50 78
50 80
50 89
50 104
50 120
50 141
50 155
50 181
50 201
51 51
51 55
51 74
51 75
51 89
51 91
51 99
51 109
51 112
51 125
51 179
51 182
51 220
51 221
51 238
52 52
52 70
52 72
52 83
52 85
52 101
52 126
52 136
52 153
52 154
52 172
52 186
52 194
52 218
53 53
53 57
53 64
53 67
53 100
53 106
53 126
53 157
53 169
53 174
53 176
53 221
53 230
54 54
54 55
54 62
54 74
54 96
54 98
54 108
54 185
54 216
54 220
54 221
54 231
54 248
55 55
55 56
55 62
55 63
55 83
55 90
55 94
55 99
55 108
55 121
55 127
55 216
56 56
56 63
56 75
56 77
56 95
56 221
56 222
57 57
57 71
57 81
57 102
57 122
57 149
57 245
58 58
58 121
58 136
58 160
58 190
58 206
59 59
59 62
59 64
59 91
59 97
59 101
59 109
59 155
59 197
59 211
59 231
59 246
60 60
60 88
60 98
60 102
60 118
60 119
60 162
61 61
61 72
61 73
61 80
61 107
61 109
61 117
61 238
62 62
62 79
62 97
62 110
62 116
62 119
62 190
63 63
63 66
63 77
63 90
63 96
63 99
63 111
63 124
63 129
63 163
63 167
63 174
63 178
64 64
64 74
64 98
64 109
64 146
64 157
64 180
64 199
64 219
65 65
65 69
65 83
65 117
65 119
65 130
65 139
65 140
65 142
65 153
65 231
66 66
66 71
66 72
66 73
66 79
66 97
66 114
66 231
67 67
67 78
67 111
67 115
67 130
67 132
67 141
67 181
67 201
67 243
68 68
68 70
68 115
68 125
68 135
68 137
68 180
68 223
68 227
69 69
69 70
69 74
69 91
69 131
69 134
69 153
69 156
69 167
69 196
69 235
70 70
70 73
70 86
70 97
70 109
70 151
70 209
70 248
71 71
71 86
71 94
71 97
71 113
71 150
71 153
71 206
71 223
72 72
72 80
72 82
72 106
72 135
72 136
72 140
72 150
72 175
72 182
72 191
72 202
72 247
73 73
73 79
73 83
73 85
73 101
73 110
73 165
73 167
73 190
74 74
74 76
74 79
74 85
74 135
74 152
74 161
75 75
75 76
75 79
75 104
75 149
75 234
75 238
76 76
76 83
76 125
76 168
76 205
76 218
76 243
77 77
77 79
77 85
77 92
77 126
77 159
77 185
77 188
77 190
77 210
78 78
78 80
78 89
78 94
78 98
78 121
78 139
78 140
78 142
78 162
78 246
79 79
79 114
79 115
79 124
79 133
79 149
79 173
79 177
79 196
79 208
80 80
80 95
80 125
80 131
80 164
80 174
80 183
80 192
80 240
81 81
81 89
81 103
81 119
81 205
81 227
82 82
82 85
82 100
82 120
82 144
82 150
82 158
82 205
82 213
82 234
83 83
83 133
83 163
83 175
84 84
84 90
84 150
85 85
85 160
85 171
85 178
85 183
85 200
85 208
85 213
86 86
86 89
86 96
86 129
86 154
86 191
86 196
86 239
87 87
87 102
87 126
87 130
87 136
88 88
88 106
88 118
88 120
88 132
88 151
88 173
89 89
89 94
89 106
89 111
89 112
89 126
89 147
89 207
89 218
89 227
89 231
90 90
90 100
90 114
90 152
90 200
91 91
91 92
91 99
91 108
91 117
91 140
91 142
91 164
91 173
91 174
92 92
92 93
92 103
92 108
92 126
92 129
92 143
92 150
92 195
92 217
92 229
93 93
93 96
93 97
93 181
93 192
93 212
93 215
93 222
94 94
94 145
94 150
94 164
94 166
94 183
94 188
94 208
94 231
95 95
95 110
95 113
95 122
95 201
96 96
96 218
97 97
97 123
97 133
97 170
97 215
98 98
98 110
98 121
98 133
98 174
98 207
99 99
99 101
99 106
99 136
99 160
99 184
99 194
99 214
100 100
100 112
100 232
101 101
101 107
101 127
101 135
102 102
102 105
102 195
103 103
103 134
103 142
103 159
103 191
103 199
104 104
104 113
104 156
104 184
104 218
105 105
105 106
105 111
105 122
105 137
105 155
105 164
105 170
105 190
105 212
106 106
106 112
106 124
106 167
106 171
107 107
107 121
107 128
107 178
107 188
107 195
107 198
107 205
107 218
108 108
108 143
108 146
108 161
108 163
108 190
109 109
109 114
109 117
109 123
109 200
109 235
110 110
110 113
110 118
110 119
111 111
111 139
112 112
112 168
112 196
112 206
113 113
113 128
113 132
114 114
114 120
114 121
114 170
114 202
114 216
115 115
115 136
115 155
115 218
116 116
116 177
116 197
116 206
116 207
116 236
117 117
117 134
117 208
117 245
118 118
118 132
118 151
118 182
119 119
119 122
119 137
119 138
119 198
119 206
120 120
120 223
120 235
121 121
121 127
121 162
121 170
121 177
121 249
122 122
122 169
122 205
122 229
123 123
123 164
123 197
124 124
124 172
124 176
124 213
124 221
125 125
125 155
125 192
125 221
125 241
126 126
126 128
126 137
126 156
127 127
127 129
127 134
127 147
127 173
128 128
128 135
128 139
128 145
128 219
128 242
128 247
129 129
129 165
129 229
130 130
130 140
130 148
130 241
131 131
131 146
131 176
132 132
132 141
132 159
132 228
133 133
133 181
133 198
133 249
134 134
134 163
134 237
135 135
135 145
136 136
136 138
136 149
136 159
136 195
136 214
137 137
137 157
137 193
137 232
138 138
138 165
138 167
138 181
138 192
138 233
138 245
139 139
139 157
139 240
140 140
140 152
140 192
140 222
140 228
141 141
141 161
141 198
141 221
141 247
142 142
142 144
142 161
142 169
142 172
142 177
142 193
142 194
142 210
142 225
143 143
143 165
143 174
143 188
144 144
144 153
144 199
144 201
145 145
145 207
145 239
146 147
146 207
146 220
146 243
147 148
147 161
147 175
147 249
148 149
148 155
148 166
148 206
148 236
149 150
149 162
149 168
149 189
149 205
149 224
150 151
150 174
150 190
150 213
150 217
150 232
151 152
151 164
151 181
152 153
152 179
152 240
153 154
153 170
153 177
153 179
153 181
153 237
154 155
154 161
154 162
155 156
155 162
156 157
156 163
156 187
156 214
156 232
157 158
157 193
157 202
157 214
157 220
158 159
158 167
158 211
159 160
159 194
160 161
160 231
161 162
161 215
162 163
162 188
162 192
162 231
163 164
163 216
164 165
164 199
164 238
164 247
165 166
165 194
165 205
165 234
165 243
166 167
166 204
166 205
166 242
167 168
167 225
168 169
168 178
168 197
168 206
168 214
168 233
168 243
169 170
169 174
170 171
170 232
171 172
171 213
172 173
172 184
173 174
173 212
173 223
173 234
174 175
174 189
174 236
175 176
175 201
175 227
175 242
176 177
176 182
176 207
176 244
177 178
177 184
177 192
177 210
177 244
178 179
178 180
178 181
178 189
179 181
179 208
180 182
180 194
180 246
181 184
181 192
181 195
181 196
181 213
181 224
181 235
182 186
182 229
183 188
183 211
183 216
184 189
184 249
185 191
185 202
186 192
186 193
186 238
186 243
186 248
187 193
187 241
188 194
188 203
189 196
189 212
189 237
190 197
190 202
191 198
191 217
192 199
192 207
192 234
193 200
193 210
193 213
194 201
194 214
195 202
195 230
195 248
196 203
196 218
196 245
197 204
197 225
197 244
198 205
198 211
199 208
199 223
199 224
200 210
200 212
200 217
201 211
201 213
201 236
202 212
202 235
202 243
203 214
203 245
204 216
204 228
205 217
205 241
206 219
206 234
207 221
207 239
208 222
208 227
209 224
209 244
210 225
210 235
210 246
211 227
211 233
212 242
212 248
213 246
213 247
