%HyperDAG from a random DAG with expected indegree 6.00.
%Each node is chosen as a source with probability 0.01
50 60 387
0 1
1 1
2 1
3 1
4 1
5 1
6 1
7 1
8 1
9 1
10 1
11 1
12 1
13 1
14 1
15 1
16 1
17 1
18 1
19 1
20 1
21 1
22 1
23 1
24 1
25 1
26 1
27 1
28 1
29 1
30 1
31 1
32 1
33 1
34 1
35 1
36 1
37 1
38 1
39 1
40 1
41 1
42 1
43 1
44 1
45 1
46 1
47 1
48 1
49 1
0 0
1 0
2 1
3 2
4 3
5 4
6 5
7 5
8 3
9 5
10 6
11 5
12 5
13 2
14 6
15 7
16 5
17 8
18 5
19 1
20 6
21 3
22 6
23 4
24 4
25 5
26 3
27 7
28 4
29 4
30 7
31 2
32 5
33 2
34 3
35 5
36 4
37 6
38 4
39 7
40 10
41 5
42 5
43 5
44 3
45 7
46 6
47 3
48 2
49 6
50 6
51 9
52 7
53 7
54 2
55 9
56 4
57 5
58 5
59 3
0 0
0 1
0 2
0 3
0 4
0 5
0 6
0 8
0 9
0 10
0 11
0 15
0 16
0 17
0 18
0 22
0 25
0 30
0 41
0 42
0 46
0 50
1 1
1 2
1 3
1 4
1 5
1 6
1 7
1 10
1 12
1 15
1 18
1 20
1 25
1 29
1 31
1 33
1 45
1 47
1 54
2 2
2 3
2 4
2 5
2 6
2 7
2 8
2 10
2 11
2 16
2 17
2 27
2 31
2 51
3 3
3 4
3 5
3 6
3 7
3 9
3 10
3 12
3 13
3 17
3 20
3 23
3 28
3 29
3 36
3 39
3 40
3 55
4 4
4 5
4 6
4 7
4 8
4 10
4 11
4 12
4 14
4 16
4 17
4 18
4 19
4 21
4 26
4 37
4 39
4 40
4 46
4 49
4 51
4 59
5 5
5 6
5 7
5 9
5 10
5 11
5 13
5 18
5 23
5 32
5 36
5 37
5 43
5 55
6 6
6 7
6 8
6 9
6 11
6 14
6 16
6 22
6 24
6 27
6 37
6 40
6 51
7 7
7 9
7 12
7 15
7 20
7 29
7 31
7 56
8 8
8 9
8 12
8 14
8 16
8 20
8 21
8 23
8 26
8 37
8 39
8 40
9 9
9 10
9 14
9 15
9 16
9 17
9 27
9 33
9 38
9 50
9 58
10 10
10 11
10 12
10 13
10 14
10 15
10 17
10 20
10 22
10 27
10 28
10 33
10 35
10 37
10 46
10 52
10 58
11 11
11 15
11 28
11 30
11 42
12 12
12 14
12 17
12 22
12 30
12 45
12 48
12 54
12 57
12 59
13 13
13 14
13 15
13 22
13 28
13 30
13 37
13 45
14 14
14 15
14 17
14 18
14 20
14 21
14 23
14 24
14 29
14 36
14 41
14 45
14 52
14 58
15 15
15 25
15 27
15 30
15 32
15 39
15 44
16 16
16 17
16 19
16 21
16 22
16 25
16 27
16 29
16 59
17 17
17 18
17 20
17 22
17 24
17 25
17 27
17 32
17 40
17 43
17 45
17 49
17 53
18 18
18 40
18 49
18 50
18 52
18 53
19 19
19 30
19 35
19 38
19 52
20 20
20 26
20 30
20 34
20 36
20 39
20 50
21 21
21 23
21 46
21 50
22 22
22 24
22 25
22 26
22 27
22 32
22 42
22 47
22 52
23 23
23 24
23 28
23 39
23 43
23 45
23 51
23 55
23 56
23 57
23 58
24 25
24 30
24 32
24 46
24 56
24 58
25 26
25 35
25 40
25 43
25 51
25 52
26 27
26 34
26 39
26 44
26 51
27 28
27 40
27 41
27 42
27 44
28 29
28 36
28 38
28 51
28 53
29 30
29 32
29 35
29 37
29 38
29 40
29 49
30 31
30 34
30 38
30 41
30 53
30 55
31 32
31 41
31 46
32 33
32 34
32 35
32 39
32 43
32 45
32 51
32 53
33 34
33 35
33 53
33 55
33 59
34 35
34 46
34 50
34 57
35 36
35 40
35 42
35 43
36 37
36 40
36 52
36 54
37 39
37 47
37 48
37 57
38 40
38 41
38 42
38 45
39 43
39 44
39 48
39 51
39 56
39 58
40 44
40 49
40 52
40 53
40 55
41 45
41 49
41 55
42 46
42 47
43 47
43 53
43 55
43 57
44 48
44 49
44 51
45 49
45 50
46 51
46 55
47 53
47 57
48 54
48 55
49 55
49 56
