%HyperDAG from a random DAG with expected indegree 8.00.
%Each node is chosen as a source with probability 0.00
442 500 4369
0 1
1 1
2 1
3 1
4 1
5 1
6 1
7 1
8 1
9 1
10 1
11 1
12 1
13 1
14 1
15 1
16 1
17 1
18 1
19 1
20 1
21 1
22 1
23 1
24 1
25 1
26 1
27 1
28 1
29 1
30 1
31 1
32 1
33 1
34 1
35 1
36 1
37 1
38 1
39 1
40 1
41 1
42 1
43 1
44 1
45 1
46 1
47 1
48 1
49 1
50 1
51 1
52 1
53 1
54 1
55 1
56 1
57 1
58 1
59 1
60 1
61 1
62 1
63 1
64 1
65 1
66 1
67 1
68 1
69 1
70 1
71 1
72 1
73 1
74 1
75 1
76 1
77 1
78 1
79 1
80 1
81 1
82 1
83 1
84 1
85 1
86 1
87 1
88 1
89 1
90 1
91 1
92 1
93 1
94 1
95 1
96 1
97 1
98 1
99 1
100 1
101 1
102 1
103 1
104 1
105 1
106 1
107 1
108 1
109 1
110 1
111 1
112 1
113 1
114 1
115 1
116 1
117 1
118 1
119 1
120 1
121 1
122 1
123 1
124 1
125 1
126 1
127 1
128 1
129 1
130 1
131 1
132 1
133 1
134 1
135 1
136 1
137 1
138 1
139 1
140 1
141 1
142 1
143 1
144 1
145 1
146 1
147 1
148 1
149 1
150 1
151 1
152 1
153 1
154 1
155 1
156 1
157 1
158 1
159 1
160 1
161 1
162 1
163 1
164 1
165 1
166 1
167 1
168 1
169 1
170 1
171 1
172 1
173 1
174 1
175 1
176 1
177 1
178 1
179 1
180 1
181 1
182 1
183 1
184 1
185 1
186 1
187 1
188 1
189 1
190 1
191 1
192 1
193 1
194 1
195 1
196 1
197 1
198 1
199 1
200 1
201 1
202 1
203 1
204 1
205 1
206 1
207 1
208 1
209 1
210 1
211 1
212 1
213 1
214 1
215 1
216 1
217 1
218 1
219 1
220 1
221 1
222 1
223 1
224 1
225 1
226 1
227 1
228 1
229 1
230 1
231 1
232 1
233 1
234 1
235 1
236 1
237 1
238 1
239 1
240 1
241 1
242 1
243 1
244 1
245 1
246 1
247 1
248 1
249 1
250 1
251 1
252 1
253 1
254 1
255 1
256 1
257 1
258 1
259 1
260 1
261 1
262 1
263 1
264 1
265 1
266 1
267 1
268 1
269 1
270 1
271 1
272 1
273 1
274 1
275 1
276 1
277 1
278 1
279 1
280 1
281 1
282 1
283 1
284 1
285 1
286 1
287 1
288 1
289 1
290 1
291 1
292 1
293 1
294 1
295 1
296 1
297 1
298 1
299 1
300 1
301 1
302 1
303 1
304 1
305 1
306 1
307 1
308 1
309 1
310 1
311 1
312 1
313 1
314 1
315 1
316 1
317 1
318 1
319 1
320 1
321 1
322 1
323 1
324 1
325 1
326 1
327 1
328 1
329 1
330 1
331 1
332 1
333 1
334 1
335 1
336 1
337 1
338 1
339 1
340 1
341 1
342 1
343 1
344 1
345 1
346 1
347 1
348 1
349 1
350 1
351 1
352 1
353 1
354 1
355 1
356 1
357 1
358 1
359 1
360 1
361 1
362 1
363 1
364 1
365 1
366 1
367 1
368 1
369 1
370 1
371 1
372 1
373 1
374 1
375 1
376 1
377 1
378 1
379 1
380 1
381 1
382 1
383 1
384 1
385 1
386 1
387 1
388 1
389 1
390 1
391 1
392 1
393 1
394 1
395 1
396 1
397 1
398 1
399 1
400 1
401 1
402 1
403 1
404 1
405 1
406 1
407 1
408 1
409 1
410 1
411 1
412 1
413 1
414 1
415 1
416 1
417 1
418 1
419 1
420 1
421 1
422 1
423 1
424 1
425 1
426 1
427 1
428 1
429 1
430 1
431 1
432 1
433 1
434 1
435 1
436 1
437 1
438 1
439 1
440 1
441 1
0 0
1 0
2 1
3 2
4 3
5 4
6 5
7 6
8 7
9 6
10 6
11 7
12 6
13 4
14 9
15 8
16 5
17 9
18 7
19 1
20 8
21 6
22 8
23 7
24 7
25 7
26 6
27 7
28 7
29 7
30 8
31 3
32 5
33 5
34 6
35 10
36 6
37 9
38 4
39 10
40 12
41 6
42 7
43 7
44 6
45 8
46 8
47 5
48 2
49 11
50 11
51 11
52 7
53 10
54 4
55 11
56 5
57 6
58 8
59 8
60 10
61 6
62 11
63 10
64 6
65 3
66 8
67 5
68 3
69 6
70 12
71 6
72 8
73 10
74 11
75 6
76 8
77 10
78 10
79 10
80 12
81 6
82 5
83 9
84 6
85 9
86 10
87 1
88 6
89 7
90 9
91 4
92 7
93 3
94 7
95 1
96 8
97 10
98 9
99 7
100 5
101 5
102 9
103 7
104 5
105 8
106 10
107 6
108 5
109 8
110 7
111 6
112 9
113 6
114 6
115 6
116 2
117 6
118 5
119 8
120 7
121 10
122 8
123 7
124 4
125 7
126 10
127 3
128 5
129 9
130 10
131 6
132 10
133 6
134 11
135 14
136 11
137 9
138 7
139 4
140 5
141 10
142 7
143 4
144 2
145 4
146 6
147 6
148 3
149 9
150 8
151 5
152 5
153 11
154 5
155 10
156 9
157 7
158 3
159 5
160 8
161 12
162 9
163 8
164 7
165 6
166 2
167 8
168 7
169 3
170 8
171 4
172 3
173 7
174 14
175 6
176 6
177 9
178 6
179 10
180 7
181 14
182 6
183 4
184 5
185 6
186 5
187 6
188 7
189 7
190 7
191 7
192 11
193 5
194 8
195 7
196 7
197 6
198 10
199 5
200 5
201 8
202 5
203 4
204 3
205 11
206 12
207 9
208 7
209 5
210 4
211 9
212 7
213 11
214 8
215 4
216 6
217 6
218 9
219 2
220 4
221 9
222 6
223 7
224 7
225 5
226 1
227 8
228 8
229 6
230 5
231 11
232 6
233 2
234 8
235 8
236 11
237 5
238 6
239 4
240 3
241 3
242 5
243 9
244 5
245 7
246 4
247 10
248 6
249 9
250 10
251 4
252 5
253 4
254 16
255 8
256 0
257 5
258 5
259 9
260 9
261 11
262 7
263 6
264 14
265 2
266 5
267 11
268 5
269 5
270 11
271 13
272 3
273 5
274 7
275 13
276 5
277 4
278 5
279 5
280 5
281 5
282 5
283 8
284 9
285 3
286 6
287 6
288 5
289 5
290 11
291 13
292 9
293 6
294 2
295 9
296 7
297 10
298 4
299 4
300 8
301 4
302 0
303 12
304 11
305 7
306 10
307 7
308 5
309 3
310 5
311 5
312 14
313 3
314 7
315 6
316 8
317 8
318 4
319 4
320 5
321 2
322 8
323 13
324 11
325 2
326 7
327 10
328 5
329 10
330 7
331 10
332 7
333 11
334 8
335 5
336 10
337 4
338 6
339 5
340 10
341 1
342 11
343 3
344 4
345 9
346 8
347 6
348 8
349 4
350 5
351 11
352 7
353 2
354 6
355 4
356 7
357 9
358 6
359 5
360 9
361 6
362 7
363 7
364 3
365 7
366 4
367 5
368 2
369 3
370 5
371 5
372 7
373 8
374 6
375 7
376 6
377 10
378 13
379 6
380 4
381 4
382 7
383 3
384 6
385 11
386 2
387 9
388 4
389 7
390 8
391 6
392 7
393 9
394 4
395 7
396 10
397 7
398 7
399 12
400 9
401 5
402 10
403 9
404 12
405 11
406 5
407 13
408 8
409 4
410 8
411 3
412 12
413 9
414 9
415 8
416 8
417 8
418 11
419 5
420 9
421 5
422 5
423 10
424 4
425 7
426 8
427 7
428 7
429 14
430 5
431 5
432 6
433 3
434 6
435 9
436 12
437 7
438 6
439 6
440 6
441 1
442 7
443 6
444 4
445 9
446 4
447 4
448 5
449 3
450 7
451 9
452 7
453 7
454 15
455 9
456 6
457 11
458 5
459 8
460 6
461 9
462 10
463 4
464 5
465 1
466 6
467 5
468 13
469 8
470 4
471 5
472 7
473 5
474 3
475 10
476 8
477 9
478 4
479 8
480 5
481 4
482 7
483 11
484 6
485 7
486 5
487 11
488 10
489 12
490 12
491 7
492 5
493 2
494 12
495 8
496 5
497 7
498 10
499 7
0 0
0 1
0 2
0 3
0 4
0 5
0 6
0 7
0 8
0 9
0 10
0 11
0 12
0 13
0 15
0 16
0 17
0 18
0 22
0 24
0 25
0 26
0 29
0 30
0 39
0 41
0 42
0 46
0 49
0 50
0 59
0 62
0 72
0 76
0 77
0 81
0 94
0 96
0 104
0 126
0 153
0 187
0 223
0 229
0 273
0 297
0 385
0 407
0 476
1 1
1 2
1 3
1 4
1 5
1 6
1 7
1 8
1 9
1 10
1 12
1 15
1 18
1 20
1 21
1 23
1 25
1 29
1 31
1 33
1 45
1 47
1 51
1 54
1 70
1 83
1 84
1 85
1 92
1 100
1 112
1 141
1 155
1 163
1 198
1 267
1 282
1 343
1 407
2 2
2 3
2 4
2 5
2 6
2 7
2 8
2 10
2 11
2 14
2 15
2 16
2 17
2 23
2 27
2 31
2 37
2 51
2 68
2 70
2 74
2 88
2 103
2 122
2 137
2 147
2 149
2 168
2 173
2 187
2 211
2 225
2 249
2 257
2 289
2 296
2 323
2 342
2 471
2 499
3 3
3 4
3 5
3 6
3 7
3 8
3 9
3 10
3 11
3 12
3 13
3 17
3 20
3 23
3 28
3 29
3 36
3 39
3 40
3 45
3 55
3 70
3 90
3 102
3 126
3 129
3 131
3 167
3 188
3 211
3 291
3 293
3 312
3 328
3 405
3 406
3 446
3 479
4 4
4 5
4 6
4 7
4 8
4 10
4 11
4 12
4 14
4 16
4 17
4 18
4 19
4 21
4 22
4 26
4 35
4 37
4 39
4 40
4 46
4 49
4 51
4 59
4 60
4 65
4 78
4 86
4 88
4 94
4 99
4 106
4 110
4 125
4 134
4 177
4 184
4 193
4 211
4 232
4 236
4 239
4 274
5 5
5 6
5 7
5 8
5 9
5 10
5 11
5 13
5 17
5 18
5 20
5 21
5 23
5 32
5 36
5 37
5 43
5 44
5 55
5 60
5 63
5 69
5 90
5 105
5 135
5 147
5 152
5 164
5 176
5 206
5 420
5 494
5 495
6 6
6 7
6 8
6 9
6 11
6 14
6 16
6 18
6 20
6 22
6 24
6 27
6 37
6 40
6 51
6 62
6 63
6 70
6 73
6 78
6 92
6 121
6 231
6 271
6 320
6 342
6 403
6 404
6 487
7 7
7 8
7 9
7 12
7 14
7 15
7 20
7 23
7 24
7 29
7 31
7 53
7 56
7 87
7 97
7 138
7 143
7 163
7 188
7 207
7 249
7 275
7 306
7 319
7 366
7 444
7 445
7 453
8 8
8 9
8 12
8 14
8 16
8 20
8 21
8 23
8 26
8 28
8 37
8 39
8 40
8 62
8 66
8 71
8 73
8 153
8 155
8 227
8 231
8 242
8 274
8 290
8 342
8 489
9 9
9 10
9 11
9 13
9 14
9 15
9 16
9 17
9 18
9 27
9 33
9 38
9 49
9 50
9 58
9 59
9 61
9 70
9 78
9 86
9 96
9 112
9 117
9 130
9 160
9 174
9 209
9 330
9 472
10 10
10 11
10 12
10 13
10 14
10 15
10 17
10 20
10 22
10 27
10 28
10 33
10 35
10 37
10 46
10 52
10 58
10 63
10 79
10 80
10 92
10 98
10 104
10 107
10 113
10 118
10 136
10 156
10 175
10 219
10 222
10 247
10 285
10 316
10 361
10 440
11 11
11 14
11 15
11 28
11 29
11 30
11 39
11 42
11 62
11 63
11 69
11 75
11 77
11 86
11 106
11 109
11 171
11 186
11 236
11 296
11 446
11 480
12 12
12 14
12 17
12 21
12 22
12 30
12 34
12 45
12 48
12 54
12 57
12 58
12 59
12 60
12 62
12 66
12 72
12 82
12 108
12 109
12 121
12 131
12 135
12 137
12 145
12 148
12 176
12 178
12 179
12 180
12 184
12 189
12 236
12 296
12 312
12 328
12 446
12 483
13 13
13 14
13 15
13 22
13 24
13 26
13 28
13 30
13 33
13 36
13 37
13 45
13 54
13 57
13 60
13 70
13 75
13 78
13 80
13 112
13 130
13 150
13 177
13 182
13 198
13 202
13 273
13 310
13 311
14 14
14 15
14 17
14 18
14 20
14 21
14 23
14 24
14 25
14 29
14 31
14 33
14 36
14 41
14 45
14 52
14 54
14 58
14 80
14 97
14 109
14 126
14 142
14 153
14 181
14 195
14 209
14 227
14 231
14 243
14 312
14 346
14 375
14 390
14 423
14 488
15 15
15 25
15 27
15 28
15 30
15 32
15 39
15 44
15 73
15 75
15 81
15 123
15 130
15 153
15 161
15 171
15 330
15 498
16 16
16 17
16 19
16 21
16 22
16 25
16 27
16 29
16 59
16 78
16 79
16 80
16 85
16 102
16 135
16 147
16 175
16 198
16 200
16 243
16 270
16 346
16 451
16 452
16 472
16 475
17 17
17 18
17 20
17 22
17 24
17 25
17 27
17 32
17 34
17 40
17 43
17 45
17 49
17 50
17 53
17 69
17 74
17 80
17 89
17 103
17 115
17 131
17 137
17 170
17 175
17 196
17 217
17 221
17 258
17 270
17 286
17 323
17 344
17 410
17 476
17 478
18 18
18 22
18 37
18 40
18 49
18 50
18 52
18 53
18 55
18 66
18 70
18 90
18 106
18 112
18 128
18 192
18 203
18 264
18 292
18 336
18 366
18 396
18 432
19 19
19 30
19 35
19 38
19 52
19 63
19 67
19 79
19 88
19 98
19 103
19 108
19 110
19 115
19 148
19 197
19 244
19 254
19 271
19 274
19 300
19 311
19 343
19 367
19 410
19 445
19 451
20 20
20 25
20 26
20 30
20 34
20 36
20 39
20 50
20 61
20 62
20 77
20 92
20 97
20 105
20 132
20 162
20 183
20 185
20 195
20 224
20 228
20 245
20 258
21 21
21 23
21 29
21 46
21 50
21 61
21 64
21 76
21 122
21 178
21 301
21 340
21 348
21 361
21 363
21 404
21 417
21 443
21 496
22 22
22 24
22 25
22 26
22 27
22 30
22 32
22 34
22 36
22 42
22 47
22 50
22 52
22 72
22 76
22 91
22 97
22 99
22 107
22 126
22 132
22 148
22 173
22 191
22 206
22 215
22 283
22 288
22 336
22 378
22 452
22 490
22 492
23 23
23 24
23 28
23 39
23 40
23 43
23 45
23 51
23 55
23 56
23 57
23 58
23 63
23 66
23 68
23 73
23 82
23 86
23 118
23 150
23 155
23 174
23 183
23 206
23 221
23 237
23 261
23 267
23 284
23 302
23 303
23 313
23 362
23 363
23 373
23 413
24 24
24 28
24 35
24 68
24 77
24 96
24 98
24 119
24 189
24 190
24 200
24 228
24 275
24 365
24 394
24 451
24 461
24 482
25 25
25 26
25 30
25 32
25 43
25 46
25 56
25 58
25 68
25 72
25 91
25 141
25 153
25 180
25 186
25 192
25 221
25 224
25 229
25 255
25 315
25 338
25 360
25 489
26 26
26 35
26 40
26 43
26 51
26 52
26 56
26 58
26 71
26 73
26 82
26 129
26 135
26 153
26 161
26 185
26 201
26 260
26 270
26 295
26 296
27 27
27 33
27 34
27 35
27 39
27 44
27 50
27 51
27 69
27 81
27 103
27 107
27 147
27 153
27 174
27 242
27 281
27 327
27 400
27 447
28 28
28 40
28 41
28 42
28 44
28 61
28 70
28 71
28 98
28 103
28 111
28 126
28 131
28 154
28 166
28 240
28 244
28 341
28 418
28 487
29 29
29 35
29 36
29 38
29 49
29 51
29 53
29 80
29 88
29 111
29 112
29 150
29 157
29 179
29 182
29 205
29 307
29 347
29 376
29 402
29 442
29 453
30 30
30 32
30 35
30 37
30 38
30 39
30 40
30 42
30 49
30 53
30 60
30 78
30 81
30 101
30 114
30 124
30 130
30 168
30 194
30 204
30 205
30 230
30 234
30 374
30 377
30 412
30 417
30 430
31 31
31 34
31 35
31 38
31 41
31 42
31 53
31 55
31 71
31 76
31 78
31 85
31 94
31 119
31 165
31 210
31 250
31 288
31 312
31 345
31 389
31 409
31 413
31 468
31 485
32 32
32 41
32 43
32 46
32 70
32 94
32 102
32 162
32 186
32 211
32 220
32 228
32 246
32 275
32 326
32 339
32 364
32 400
33 33
33 34
33 35
33 37
33 39
33 43
33 45
33 51
33 53
33 58
33 63
33 81
33 85
33 93
33 141
33 168
33 173
33 180
33 218
33 263
33 275
33 335
33 384
34 34
34 35
34 44
34 53
34 55
34 59
34 64
34 65
34 81
34 89
34 98
34 99
34 110
34 119
34 129
34 133
34 137
34 138
34 181
34 224
34 228
34 266
34 271
34 304
34 374
34 487
35 35
35 46
35 50
35 57
35 66
35 77
35 83
35 84
35 121
35 130
35 142
35 158
35 191
35 208
35 211
35 250
35 279
35 329
35 333
35 381
36 36
36 40
36 42
36 43
36 49
36 50
36 60
36 62
36 67
36 71
36 73
36 83
36 100
36 104
36 114
36 120
36 121
36 155
36 267
36 304
36 318
36 349
36 352
36 393
37 37
37 40
37 41
37 52
37 54
37 60
37 74
37 77
37 84
37 122
37 141
37 174
37 198
37 208
37 271
37 315
37 448
37 487
38 38
38 59
38 76
38 84
38 86
38 88
38 90
38 93
38 107
38 134
38 141
38 188
38 217
38 237
38 261
38 279
38 322
38 410
38 418
38 474
39 39
39 40
39 46
39 47
39 48
39 57
39 65
39 74
39 79
39 121
39 179
39 216
39 224
39 234
39 247
39 334
39 360
39 375
39 379
39 403
39 443
39 474
40 40
40 41
40 42
40 45
40 47
40 63
40 64
40 65
40 66
40 72
40 82
40 89
40 90
40 111
40 120
40 132
40 173
40 194
40 223
40 238
40 307
40 316
40 336
40 349
40 359
40 378
40 393
40 423
40 460
40 471
40 482
40 484
41 41
41 44
41 64
41 70
41 74
41 75
41 82
41 86
41 98
41 107
41 109
41 134
41 138
41 140
41 172
41 179
41 206
41 207
41 276
41 278
41 345
41 360
41 370
41 383
41 438
41 454
41 464
42 42
42 55
42 60
42 61
42 64
42 73
42 76
42 99
42 112
42 113
42 122
42 125
42 134
42 135
42 149
42 156
42 203
42 253
42 262
42 268
42 275
42 297
42 351
42 367
42 389
42 403
42 444
42 459
43 43
43 44
43 48
43 51
43 56
43 58
43 66
43 84
43 86
43 90
43 102
43 120
43 123
43 133
43 135
43 136
43 139
43 146
43 181
43 253
43 263
43 266
43 292
43 477
43 499
44 44
44 49
44 50
44 52
44 53
44 55
44 73
44 103
44 132
44 174
44 254
44 259
44 271
44 306
44 361
44 422
44 468
45 45
45 46
45 47
45 49
45 55
45 59
45 76
45 84
45 90
45 100
45 113
45 117
45 129
45 132
45 134
45 195
45 224
45 267
45 278
45 280
45 293
46 46
46 47
46 49
46 61
46 79
46 85
46 93
46 134
46 149
46 156
46 186
46 248
46 260
46 322
46 324
46 403
46 424
46 437
46 461
46 484
47 47
47 53
47 55
47 57
47 60
47 62
47 63
47 69
47 80
47 160
47 189
47 191
47 192
47 199
47 223
47 226
47 390
47 406
47 440
47 462
48 48
48 49
48 51
48 60
48 66
48 67
48 69
48 74
48 86
48 96
48 102
48 105
48 120
48 123
48 133
48 138
48 145
48 181
48 225
48 296
48 365
48 439
48 457
49 49
49 50
49 51
49 97
49 129
49 131
49 138
49 161
49 213
49 217
49 247
49 289
49 290
49 306
49 329
49 351
49 374
49 381
49 384
49 435
49 440
49 448
50 50
50 61
50 62
50 75
50 78
50 80
50 83
50 89
50 104
50 120
50 141
50 155
50 167
50 181
50 201
50 304
50 312
50 446
51 51
51 53
51 55
51 74
51 75
51 89
51 91
51 99
51 105
51 109
51 112
51 125
51 179
51 182
51 204
51 220
51 221
51 238
51 265
51 277
51 282
51 286
51 332
51 351
51 358
51 383
51 491
52 52
52 70
52 72
52 77
52 83
52 85
52 96
52 101
52 106
52 126
52 135
52 136
52 153
52 154
52 172
52 186
52 194
52 209
52 218
52 235
52 379
52 392
52 423
52 426
53 53
53 57
53 64
53 67
53 86
53 100
53 106
53 126
53 130
53 157
53 169
53 174
53 175
53 176
53 221
53 230
53 271
53 345
53 360
53 371
54 54
54 55
54 60
54 62
54 74
54 96
54 98
54 108
54 116
54 136
54 176
54 185
54 214
54 216
54 220
54 221
54 231
54 248
54 254
54 274
54 323
54 399
54 400
54 408
54 468
55 55
55 56
55 62
55 63
55 77
55 83
55 90
55 94
55 99
55 108
55 121
55 127
55 216
55 227
55 300
55 429
55 475
55 494
55 498
56 56
56 63
56 75
56 77
56 80
56 95
56 123
56 143
56 221
56 222
56 261
56 324
56 415
56 447
57 57
57 71
57 81
57 101
57 102
57 122
57 149
57 245
57 266
57 495
58 58
58 59
58 121
58 130
58 136
58 160
58 190
58 206
58 252
58 288
58 426
58 487
59 59
59 62
59 64
59 67
59 91
59 97
59 101
59 109
59 154
59 155
59 179
59 197
59 209
59 211
59 213
59 231
59 246
59 323
59 336
59 392
59 439
59 454
59 460
60 60
60 78
60 88
60 98
60 102
60 105
60 118
60 119
60 147
60 162
60 283
60 301
60 346
60 357
60 450
61 61
61 72
61 73
61 80
61 107
61 109
61 117
61 238
61 251
61 276
61 294
61 306
61 434
62 62
62 79
62 97
62 110
62 116
62 119
62 190
62 194
62 247
62 251
62 259
62 282
62 414
62 416
62 427
62 480
62 499
63 63
63 66
63 77
63 90
63 96
63 99
63 102
63 111
63 124
63 129
63 151
63 157
63 162
63 163
63 167
63 174
63 178
63 216
63 236
63 268
63 288
63 297
63 337
63 342
63 350
63 358
63 384
63 435
63 495
64 64
64 67
64 74
64 98
64 109
64 146
64 157
64 180
64 199
64 219
64 274
64 291
64 322
64 332
64 357
64 494
65 65
65 69
65 83
65 117
65 119
65 130
65 139
65 140
65 142
65 153
65 159
65 231
65 232
65 312
65 338
65 378
65 398
65 401
65 454
66 66
66 71
66 72
66 73
66 74
66 77
66 79
66 97
66 114
66 160
66 231
66 282
66 323
66 378
66 399
66 412
67 67
67 78
67 84
67 111
67 115
67 130
67 132
67 141
67 168
67 181
67 201
67 218
67 243
67 254
67 259
67 351
67 407
67 425
67 485
68 68
68 70
68 78
68 115
68 125
68 135
68 137
68 146
68 180
68 223
68 227
68 324
68 363
68 371
68 394
69 69
69 70
69 74
69 91
69 131
69 134
69 149
69 152
69 153
69 155
69 156
69 167
69 196
69 235
69 260
69 275
69 320
69 334
69 451
70 70
70 73
70 83
70 86
70 97
70 109
70 116
70 146
70 151
70 209
70 248
70 269
70 362
70 423
70 468
70 481
71 71
71 72
71 86
71 94
71 97
71 113
71 150
71 153
71 170
71 196
71 206
71 223
71 254
71 303
71 310
71 320
71 382
71 404
71 405
72 72
72 74
72 80
72 82
72 106
72 134
72 135
72 136
72 137
72 140
72 150
72 175
72 182
72 191
72 202
72 247
72 250
72 288
72 293
72 303
72 326
72 336
72 358
72 390
73 73
73 79
73 83
73 85
73 101
73 106
73 110
73 165
73 167
73 190
73 291
73 311
73 318
73 322
73 469
73 470
74 74
74 76
74 79
74 85
74 92
74 135
74 141
74 152
74 154
74 161
74 189
74 249
74 273
74 277
74 477
75 75
75 76
75 79
75 104
75 149
75 171
75 234
75 238
75 245
75 255
75 271
75 285
75 291
75 309
75 367
75 402
75 462
76 76
76 83
76 125
76 151
76 168
76 203
76 205
76 212
76 218
76 243
76 297
76 324
76 397
76 459
76 476
77 77
77 79
77 85
77 92
77 102
77 126
77 128
77 159
77 185
77 188
77 190
77 210
77 288
77 293
77 367
77 490
77 491
78 78
78 80
78 89
78 94
78 98
78 121
78 136
78 139
78 140
78 142
78 162
78 246
78 267
78 272
78 297
78 334
78 401
79 79
79 80
79 114
79 115
79 124
79 133
79 141
79 149
79 173
79 177
79 196
79 208
79 252
79 283
79 299
79 310
79 428
80 80
80 95
80 125
80 131
80 164
80 174
80 183
80 192
80 228
80 240
80 289
80 331
80 346
80 376
80 390
80 437
81 81
81 89
81 103
81 119
81 144
81 156
81 205
81 227
81 267
81 281
81 354
82 82
82 85
82 100
82 120
82 144
82 150
82 158
82 205
82 213
82 234
82 385
83 83
83 87
83 110
83 133
83 156
83 163
83 175
83 264
83 270
83 299
83 312
83 370
83 455
84 84
84 90
84 150
84 161
84 187
84 250
84 255
84 277
84 289
84 290
84 309
84 338
84 397
84 417
84 489
85 85
85 160
85 171
85 174
85 178
85 183
85 200
85 208
85 213
85 249
85 251
85 267
85 300
85 345
85 371
85 485
85 491
86 86
86 88
86 89
86 96
86 105
86 114
86 115
86 129
86 154
86 157
86 191
86 196
86 239
86 265
86 313
86 382
86 393
86 417
86 442
86 469
86 488
87 87
87 102
87 105
87 126
87 129
87 130
87 136
87 201
87 291
87 317
87 341
87 342
87 385
87 395
88 88
88 92
88 106
88 118
88 120
88 132
88 134
88 151
88 170
88 173
88 258
88 329
88 400
88 410
88 420
88 424
89 89
89 94
89 104
89 106
89 111
89 112
89 126
89 135
89 143
89 147
89 207
89 218
89 227
89 231
89 333
89 407
89 413
89 414
89 439
89 477
90 90
90 100
90 114
90 125
90 135
90 152
90 200
90 303
90 315
90 326
90 344
90 353
90 485
91 91
91 92
91 99
91 108
91 117
91 140
91 142
91 163
91 164
91 173
91 174
91 335
91 356
91 391
91 454
92 92
92 93
92 103
92 108
92 126
92 129
92 143
92 150
92 195
92 217
92 229
92 259
92 290
92 380
92 470
93 93
93 96
93 97
93 161
93 181
93 192
93 212
93 215
93 222
93 255
93 260
93 329
93 357
93 432
93 478
94 94
94 115
94 145
94 150
94 164
94 166
94 183
94 188
94 208
94 231
94 262
94 329
94 368
94 412
94 483
95 95
95 110
95 113
95 122
95 201
95 261
95 279
95 287
95 297
95 334
95 496
96 96
96 118
96 123
96 187
96 218
96 236
96 254
96 355
96 405
96 471
97 97
97 117
97 123
97 133
97 170
97 215
97 242
97 284
97 325
97 389
97 395
97 412
97 448
97 476
98 98
98 110
98 121
98 133
98 135
98 174
98 198
98 207
98 212
98 416
99 99
99 101
99 106
99 136
99 160
99 184
99 194
99 214
99 235
99 298
99 327
99 363
99 494
100 100
100 105
100 112
100 232
100 254
100 264
100 267
100 290
100 311
100 394
100 453
101 101
101 107
101 123
101 127
101 135
101 137
101 142
101 249
101 340
101 454
101 475
102 102
102 105
102 195
102 248
102 249
102 284
102 396
102 398
102 404
102 479
102 489
103 103
103 128
103 132
103 134
103 142
103 159
103 191
103 192
103 199
103 251
103 261
103 268
103 303
103 377
103 400
103 453
104 104
104 113
104 156
104 184
104 218
104 291
104 329
104 348
104 369
104 488
105 105
105 106
105 111
105 122
105 127
105 137
105 155
105 164
105 170
105 190
105 212
105 264
105 304
105 331
105 337
105 361
105 401
105 426
106 106
106 112
106 124
106 167
106 171
106 264
106 320
106 468
106 494
107 107
107 121
107 124
107 128
107 158
107 178
107 188
107 195
107 198
107 205
107 218
107 236
107 280
107 305
107 351
107 399
107 455
107 472
108 108
108 138
108 143
108 146
108 160
108 161
108 163
108 177
108 190
108 191
108 214
108 257
108 260
108 359
108 377
108 416
108 431
108 498
109 109
109 114
109 117
109 123
109 189
109 200
109 235
109 270
109 295
109 327
109 388
109 389
109 408
109 423
109 453
109 469
110 110
110 113
110 118
110 119
110 259
110 270
110 283
110 314
110 331
110 356
110 375
110 421
110 448
110 468
111 111
111 139
111 250
111 290
111 310
111 330
111 428
111 437
111 450
111 477
111 481
112 112
112 159
112 168
112 196
112 206
112 245
112 254
112 318
112 352
112 412
112 454
112 476
112 483
113 113
113 128
113 132
113 169
113 254
113 261
113 276
113 284
113 299
113 317
113 323
114 114
114 119
114 120
114 121
114 122
114 132
114 168
114 170
114 185
114 202
114 216
114 273
114 340
114 396
114 429
114 454
115 115
115 136
115 155
115 156
115 181
115 213
115 218
115 393
116 116
116 146
116 177
116 197
116 206
116 207
116 236
116 342
116 359
117 117
117 134
117 174
117 208
117 245
117 275
117 372
117 436
118 118
118 132
118 151
118 162
118 182
118 260
118 287
118 296
118 299
118 345
118 358
118 414
118 444
118 495
119 119
119 122
119 137
119 138
119 198
119 206
119 272
119 373
119 425
119 439
119 454
119 457
120 120
120 223
120 235
120 287
120 339
120 362
121 121
121 125
121 127
121 130
121 141
121 161
121 162
121 170
121 177
121 198
121 249
121 328
121 332
121 355
121 366
121 407
121 430
122 122
122 152
122 169
122 205
122 229
122 230
122 277
122 286
122 323
122 374
122 415
122 429
122 445
123 123
123 164
123 179
123 197
123 204
123 264
123 275
123 347
123 361
124 124
124 151
124 172
124 176
124 185
124 211
124 213
124 221
124 278
124 314
124 339
124 379
124 408
124 418
124 452
124 489
124 493
125 125
125 155
125 179
125 192
125 221
125 241
125 408
125 443
125 499
126 126
126 128
126 137
126 156
126 157
126 300
126 391
126 404
126 418
126 452
127 127
127 129
127 134
127 147
127 173
127 181
127 304
127 401
128 128
128 135
128 139
128 142
128 145
128 158
128 219
128 242
128 247
128 291
128 418
129 129
129 163
129 165
129 179
129 229
129 247
129 297
129 298
129 442
129 455
130 130
130 140
130 148
130 167
130 241
130 271
130 284
130 330
130 452
130 454
130 466
131 131
131 146
131 176
131 276
131 281
131 307
131 358
131 362
131 419
131 436
132 132
132 136
132 141
132 149
132 159
132 197
132 228
132 357
132 360
132 365
132 392
132 441
132 487
133 133
133 136
133 165
133 181
133 198
133 238
133 249
133 423
133 449
134 134
134 149
134 163
134 193
134 237
134 257
134 270
134 337
134 392
134 407
134 422
134 489
135 135
135 145
135 154
135 177
135 352
135 396
135 425
135 457
135 496
136 136
136 138
136 149
136 159
136 195
136 199
136 214
136 222
136 226
136 258
136 261
136 266
136 280
136 290
136 354
136 381
136 414
137 137
137 157
137 193
137 205
137 232
137 267
137 340
138 138
138 165
138 167
138 181
138 192
138 233
138 245
138 262
138 323
138 327
138 348
138 450
139 139
139 157
139 176
139 214
139 240
139 255
139 273
139 304
139 350
139 385
139 407
140 140
140 152
140 180
140 192
140 198
140 203
140 222
140 228
140 253
140 284
140 312
140 363
141 141
141 161
141 164
141 170
141 198
141 221
141 247
141 250
141 314
141 387
141 396
141 397
142 142
142 144
142 161
142 169
142 172
142 177
142 193
142 194
142 210
142 225
142 266
142 276
142 292
142 305
142 413
142 438
142 484
143 143
143 165
143 174
143 188
143 330
143 348
143 365
143 385
144 144
144 153
144 199
144 201
144 388
144 390
144 436
145 145
145 156
145 196
145 207
145 239
145 250
145 262
145 290
145 306
145 315
145 377
145 395
145 433
145 460
145 489
146 146
146 160
146 253
146 255
146 264
146 295
146 329
146 346
146 351
146 421
146 469
146 484
146 485
147 147
147 207
147 212
147 220
147 230
147 243
147 271
147 425
148 148
148 161
148 175
148 187
148 249
148 275
148 291
148 316
148 332
148 416
149 149
149 155
149 166
149 206
149 236
149 285
149 297
149 298
149 437
150 150
150 162
150 168
150 189
150 200
150 205
150 224
150 306
150 312
150 329
150 335
150 339
150 372
150 378
150 406
150 425
150 488
151 151
151 174
151 190
151 213
151 217
151 232
151 234
151 262
151 420
151 437
152 152
152 164
152 181
152 250
152 292
152 335
152 354
152 418
153 153
153 179
153 206
153 240
153 254
153 274
153 290
153 347
153 420
153 436
154 154
154 170
154 177
154 179
154 181
154 185
154 237
154 254
154 325
154 456
155 155
155 161
155 162
155 236
155 287
155 317
155 332
155 342
155 418
156 156
156 162
156 227
156 252
156 264
156 340
156 404
157 157
157 163
157 187
157 214
157 232
157 399
157 454
158 158
158 165
158 177
158 193
158 202
158 214
158 220
158 323
158 329
158 334
158 356
158 360
158 377
158 428
158 432
158 468
159 159
159 160
159 161
159 167
159 181
159 191
159 211
159 316
159 386
159 455
160 160
160 194
160 236
160 264
160 308
160 346
160 376
160 459
161 161
161 228
161 231
161 331
161 348
161 349
161 363
161 491
162 162
162 215
162 306
162 333
162 380
162 405
162 434
163 163
163 188
163 192
163 231
163 323
163 494
164 164
164 208
164 216
164 317
164 497
165 165
165 199
165 238
165 247
165 322
165 432
166 166
166 187
166 194
166 205
166 234
166 243
166 267
166 294
166 329
166 365
166 384
166 440
166 469
167 167
167 204
167 205
167 230
167 242
167 252
167 268
167 269
167 351
167 429
167 471
168 168
168 225
168 376
169 169
169 178
169 197
169 206
169 214
169 233
169 243
169 254
169 256
169 283
169 292
169 304
169 333
169 405
169 495
169 499
170 170
170 174
170 206
170 254
170 260
170 295
170 345
170 347
170 382
170 395
171 171
171 178
171 232
171 260
171 268
171 319
171 355
171 381
171 461
171 479
172 172
172 213
172 257
172 276
172 327
172 391
173 173
173 184
173 274
173 307
173 348
173 459
173 461
174 174
174 209
174 212
174 223
174 234
174 261
174 314
174 326
174 415
174 494
175 175
175 186
175 189
175 236
175 271
175 291
175 387
175 391
175 409
175 411
175 443
176 176
176 201
176 227
176 242
176 252
176 309
176 359
176 416
177 177
177 182
177 207
177 244
177 273
177 301
177 303
177 327
177 333
177 351
177 427
178 178
178 180
178 184
178 192
178 210
178 215
178 244
178 262
178 271
178 287
178 321
178 370
178 392
178 394
178 403
178 420
179 179
179 180
179 181
179 189
179 308
179 330
179 342
179 359
179 378
179 385
179 416
179 483
180 180
180 268
180 323
180 342
180 347
180 403
181 181
181 182
181 208
181 395
181 423
182 182
182 194
182 246
182 260
182 291
182 399
182 456
183 183
183 197
183 261
183 356
183 404
183 412
183 413
183 487
184 184
184 192
184 195
184 196
184 213
184 224
184 235
184 271
184 396
184 399
185 185
185 205
185 286
185 294
185 308
185 335
185 399
185 456
185 472
186 186
186 229
186 237
186 284
186 305
186 324
186 352
186 377
186 485
187 187
187 323
187 327
187 333
187 344
187 354
187 364
187 435
188 188
188 211
188 216
188 254
188 270
188 322
188 347
188 494
189 189
189 207
189 249
189 264
189 332
189 336
189 377
189 436
190 190
190 275
190 293
190 370
190 443
190 451
191 191
191 202
191 250
191 319
191 402
191 409
191 413
191 419
191 453
191 484
192 192
192 193
192 201
192 238
192 239
192 243
192 248
192 254
192 259
192 265
192 307
192 397
192 429
192 496
193 193
193 201
193 241
193 278
193 362
193 431
194 194
194 203
194 264
194 284
194 331
194 390
195 195
195 252
195 254
195 263
195 271
195 281
195 291
195 295
195 340
195 396
195 405
195 420
195 462
195 477
196 196
196 212
196 237
196 264
196 270
196 333
196 370
196 411
196 427
196 457
197 197
197 202
197 259
197 260
197 272
197 291
197 300
197 303
197 336
197 490
198 198
198 217
198 290
198 324
198 370
198 376
198 444
198 462
198 482
199 199
199 207
199 222
199 234
199 263
199 281
199 324
199 383
199 480
200 200
200 210
200 213
200 231
200 251
200 272
200 397
200 445
201 201
201 214
201 225
201 284
201 298
201 303
201 317
201 357
201 373
201 402
201 426
201 432
202 202
202 230
202 248
202 352
202 360
202 373
202 390
202 447
202 459
202 490
203 203
203 213
203 218
203 243
203 245
203 269
203 327
203 486
204 204
204 225
204 244
204 258
204 267
204 291
204 347
204 376
204 380
204 457
205 205
205 211
205 327
206 206
206 257
206 259
206 286
206 312
206 323
206 386
206 429
206 490
207 207
207 304
207 318
207 397
207 436
207 475
208 208
208 223
208 224
208 327
208 454
208 482
208 499
209 209
209 255
209 310
209 349
209 399
209 436
209 488
210 210
210 212
210 217
210 222
210 303
210 315
210 331
211 211
211 213
211 236
211 271
211 304
211 361
211 377
211 475
212 212
212 235
212 243
212 279
212 336
213 213
213 295
213 310
213 333
213 400
213 404
213 426
213 484
214 214
214 245
214 269
214 275
214 289
214 398
214 406
214 408
214 440
215 215
215 235
215 277
215 333
215 348
215 377
215 422
216 216
216 228
216 262
216 306
216 344
216 366
216 388
216 467
217 217
217 241
217 259
217 266
217 385
217 461
218 218
218 300
218 400
218 454
219 219
219 234
219 250
219 270
219 305
219 346
219 355
219 382
219 451
220 220
220 365
220 395
220 475
220 481
221 221
221 239
221 275
221 360
221 371
221 454
222 222
222 227
222 280
222 296
222 432
223 223
223 264
223 286
223 306
223 308
223 375
223 377
223 384
223 429
223 434
224 224
224 244
224 311
225 225
225 235
225 246
225 283
225 324
225 328
225 377
225 429
225 445
225 459
226 226
226 261
226 285
226 315
226 372
226 479
226 498
227 227
227 233
227 270
227 356
227 468
228 228
228 229
228 340
228 363
228 484
229 229
229 292
229 299
229 321
229 345
229 380
229 384
229 490
230 230
230 254
230 255
230 262
230 263
230 295
230 320
230 354
230 386
230 404
230 420
230 485
231 231
231 261
231 307
231 374
231 378
231 413
232 232
232 305
232 330
232 385
232 399
232 419
232 439
232 442
232 457
232 469
233 233
233 297
233 300
233 306
233 312
233 319
233 340
233 449
233 457
233 473
233 476
234 234
234 247
234 270
234 289
234 307
234 314
234 345
234 382
234 390
234 469
235 235
235 250
235 331
235 340
235 348
235 353
235 378
236 236
236 261
236 280
236 312
236 351
236 385
236 497
237 237
237 274
237 292
237 313
237 316
237 333
237 404
237 436
237 451
237 469
238 238
238 259
238 304
238 327
238 429
238 454
238 457
239 239
239 264
239 309
239 417
239 472
239 486
240 240
240 319
240 364
240 393
240 429
240 436
240 462
241 241
241 255
241 286
241 350
241 374
241 391
241 486
242 242
242 248
242 279
242 295
242 373
242 406
242 467
242 469
243 243
243 267
243 275
243 323
243 324
243 358
243 378
243 424
243 438
243 473
243 497
244 244
244 291
244 304
244 336
244 403
245 245
245 282
245 305
245 351
245 387
245 482
245 483
246 246
246 247
246 253
246 334
246 337
246 357
246 415
246 428
246 473
246 476
246 488
247 247
247 301
247 338
247 346
247 350
247 402
247 416
247 438
248 248
248 379
249 249
249 278
249 281
249 292
249 296
249 303
249 389
249 422
250 250
250 307
250 497
251 251
251 312
251 409
251 427
251 443
252 252
252 287
252 297
252 389
252 406
252 424
252 435
252 461
253 253
253 257
253 283
253 317
253 329
253 498
254 254
254 293
254 414
254 494
255 255
255 258
255 263
255 322
255 350
256 256
256 280
256 283
256 290
256 303
256 410
257 257
257 290
257 375
257 381
257 411
257 418
257 497
258 258
258 293
258 331
258 399
258 403
259 259
259 300
259 378
259 492
260 260
260 306
260 333
260 418
261 261
261 263
261 264
262 262
262 269
262 352
262 371
262 414
262 421
262 456
262 476
262 490
263 263
263 340
263 379
263 398
263 437
263 450
264 264
264 269
264 379
264 402
264 423
265 265
265 292
265 373
265 493
266 266
266 314
266 324
266 343
266 482
267 267
267 279
267 282
267 387
267 431
267 481
268 268
268 275
268 292
268 458
268 468
268 487
269 270
269 284
270 271
270 321
270 335
270 369
270 427
271 272
271 278
271 295
271 465
271 471
271 479
272 273
272 312
272 397
272 455
272 496
272 498
273 274
273 300
273 301
273 422
274 275
274 287
274 308
274 332
274 378
274 450
275 276
275 295
275 322
275 442
276 277
276 314
276 316
276 330
276 331
276 398
276 460
276 462
277 278
277 311
277 340
277 345
277 359
277 368
277 388
278 279
278 305
278 369
278 458
278 497
279 280
279 328
280 281
280 372
280 410
280 498
281 282
281 283
281 303
281 316
281 369
281 434
282 283
282 396
283 284
283 333
283 357
283 457
283 461
284 285
284 312
284 343
284 349
284 447
284 462
284 467
284 488
285 286
285 317
285 320
285 348
286 287
286 305
286 308
286 324
286 418
286 430
287 288
287 426
288 289
288 375
289 290
289 316
289 326
289 334
289 383
289 414
290 291
290 304
290 316
290 342
290 363
290 387
290 446
290 457
290 460
290 477
290 492
291 292
291 297
291 298
291 303
291 325
291 387
291 398
291 399
292 293
292 402
292 405
292 414
292 415
292 422
292 433
293 294
293 331
293 396
293 428
293 429
294 295
294 461
295 296
295 412
295 467
296 297
296 332
296 360
296 373
297 298
297 317
297 432
297 463
297 496
298 299
298 313
298 315
298 400
299 300
299 326
299 360
299 362
299 366
299 431
299 463
299 491
300 301
300 324
300 336
300 344
300 414
300 429
300 447
301 302
301 317
301 408
301 470
302 303
302 374
302 393
303 304
303 331
303 334
303 384
303 404
303 497
304 305
304 393
304 415
305 306
305 318
305 351
305 365
305 464
306 307
306 419
306 462
306 498
307 308
307 326
307 342
307 405
307 482
308 309
308 314
308 416
308 442
309 310
309 372
309 390
309 416
309 441
309 449
309 464
309 494
310 311
310 378
310 419
311 312
311 338
311 356
311 364
311 389
311 414
311 420
312 313
312 337
312 402
313 314
313 452
313 456
313 473
314 315
314 352
315 316
315 372
315 444
315 455
316 317
316 345
316 410
316 434
317 318
317 372
317 385
317 465
317 466
317 480
318 319
318 385
318 405
318 408
318 436
318 448
318 458
318 473
319 320
319 322
319 338
319 413
319 445
320 321
320 328
320 342
320 391
320 437
320 445
320 479
320 487
321 322
321 362
321 468
322 323
322 357
322 427
322 462
323 324
323 336
323 351
323 357
323 382
323 468
324 325
324 326
324 452
325 326
325 368
325 401
325 408
325 425
325 430
326 327
326 339
326 367
326 420
326 466
327 328
327 403
327 438
327 455
328 329
328 433
328 458
328 495
329 330
329 355
329 387
329 492
330 331
330 357
330 380
330 396
330 470
330 494
331 332
331 334
331 371
332 333
332 350
332 372
332 419
332 433
333 334
333 388
333 407
333 410
333 448
333 473
334 335
334 354
334 385
334 489
335 336
335 338
335 405
335 421
336 337
336 412
337 338
337 339
337 346
337 352
337 401
337 428
337 490
338 339
338 353
338 378
338 407
338 499
339 340
339 362
339 393
339 425
339 455
339 488
340 341
340 358
340 395
340 412
341 342
341 373
341 378
341 491
342 343
342 356
342 450
342 460
342 472
343 344
343 463
343 483
344 345
344 398
344 439
344 470
345 346
345 393
345 405
345 475
345 483
346 347
346 440
346 453
347 348
347 434
347 452
347 488
348 349
348 389
348 393
348 399
348 413
348 478
349 350
349 435
349 451
350 351
350 375
350 410
350 468
351 352
351 387
351 440
351 493
352 353
352 354
352 361
352 407
352 461
353 354
353 404
354 355
354 356
354 373
355 356
355 407
355 412
355 417
355 421
356 357
356 436
357 358
357 392
357 429
357 438
357 482
358 359
358 375
358 423
358 434
359 360
359 376
359 468
360 361
360 379
360 392
360 412
361 362
361 391
361 397
361 407
361 408
361 417
361 490
362 363
362 365
362 387
362 398
362 402
362 409
362 442
363 365
363 367
363 407
363 435
363 483
364 366
364 459
364 489
365 367
365 400
365 412
365 445
366 368
366 382
366 428
366 463
366 480
367 369
367 402
368 370
368 400
368 421
368 481
368 495
369 371
369 498
370 373
370 382
370 415
370 438
371 374
371 486
372 375
372 405
372 435
372 474
373 376
373 411
374 377
374 392
374 487
374 490
375 378
375 480
376 379
376 387
376 402
376 462
377 381
377 413
378 382
378 412
378 420
378 436
379 383
379 483
380 384
380 475
380 488
381 385
381 394
381 430
381 456
381 475
382 386
382 424
383 387
383 396
383 471
384 388
384 431
384 475
384 490
385 390
385 395
385 454
385 466
385 478
385 492
386 391
386 429
387 392
387 475
388 393
388 404
389 394
389 426
389 458
389 459
390 395
390 483
391 396
391 426
391 462
391 464
391 483
392 397
392 399
392 427
392 459
393 398
393 425
394 400
394 445
394 451
395 401
395 403
395 417
396 402
396 407
396 423
396 487
397 403
397 418
397 426
397 457
397 472
397 498
398 404
398 479
399 405
399 415
399 454
399 483
400 407
400 436
400 498
401 408
401 435
402 409
402 415
402 427
403 411
403 418
404 412
404 449
404 479
404 489
405 413
405 451
405 477
406 414
406 417
406 435
407 415
407 477
408 416
408 455
409 417
409 423
409 453
410 418
410 430
410 431
410 443
410 489
411 419
411 466
411 476
412 420
412 429
412 460
413 421
413 472
414 422
414 466
414 477
415 423
415 458
415 464
415 489
416 424
416 428
416 442
417 427
417 435
418 428
418 478
418 499
419 430
419 468
419 495
420 432
420 455
421 433
421 467
421 494
422 435
422 439
423 436
423 437
423 445
424 437
424 486
424 489
425 439
425 450
425 466
426 441
426 450
426 457
427 445
427 477
428 450
428 467
429 452
429 456
429 492
430 456
430 461
430 491
431 457
431 463
431 485
431 494
432 459
432 487
433 461
433 490
434 462
434 464
434 474
435 466
435 490
436 467
436 497
437 468
437 491
438 471
438 486
439 477
439 479
440 484
440 488
441 486
441 495
