%HyperDAG from a random DAG with expected number of edges 5000, with uniform edge probabilities on all forward edges
475 500 5376
0 1
1 1
2 1
3 1
4 1
5 1
6 1
7 1
8 1
9 1
10 1
11 1
12 1
13 1
14 1
15 1
16 1
17 1
18 1
19 1
20 1
21 1
22 1
23 1
24 1
25 1
26 1
27 1
28 1
29 1
30 1
31 1
32 1
33 1
34 1
35 1
36 1
37 1
38 1
39 1
40 1
41 1
42 1
43 1
44 1
45 1
46 1
47 1
48 1
49 1
50 1
51 1
52 1
53 1
54 1
55 1
56 1
57 1
58 1
59 1
60 1
61 1
62 1
63 1
64 1
65 1
66 1
67 1
68 1
69 1
70 1
71 1
72 1
73 1
74 1
75 1
76 1
77 1
78 1
79 1
80 1
81 1
82 1
83 1
84 1
85 1
86 1
87 1
88 1
89 1
90 1
91 1
92 1
93 1
94 1
95 1
96 1
97 1
98 1
99 1
100 1
101 1
102 1
103 1
104 1
105 1
106 1
107 1
108 1
109 1
110 1
111 1
112 1
113 1
114 1
115 1
116 1
117 1
118 1
119 1
120 1
121 1
122 1
123 1
124 1
125 1
126 1
127 1
128 1
129 1
130 1
131 1
132 1
133 1
134 1
135 1
136 1
137 1
138 1
139 1
140 1
141 1
142 1
143 1
144 1
145 1
146 1
147 1
148 1
149 1
150 1
151 1
152 1
153 1
154 1
155 1
156 1
157 1
158 1
159 1
160 1
161 1
162 1
163 1
164 1
165 1
166 1
167 1
168 1
169 1
170 1
171 1
172 1
173 1
174 1
175 1
176 1
177 1
178 1
179 1
180 1
181 1
182 1
183 1
184 1
185 1
186 1
187 1
188 1
189 1
190 1
191 1
192 1
193 1
194 1
195 1
196 1
197 1
198 1
199 1
200 1
201 1
202 1
203 1
204 1
205 1
206 1
207 1
208 1
209 1
210 1
211 1
212 1
213 1
214 1
215 1
216 1
217 1
218 1
219 1
220 1
221 1
222 1
223 1
224 1
225 1
226 1
227 1
228 1
229 1
230 1
231 1
232 1
233 1
234 1
235 1
236 1
237 1
238 1
239 1
240 1
241 1
242 1
243 1
244 1
245 1
246 1
247 1
248 1
249 1
250 1
251 1
252 1
253 1
254 1
255 1
256 1
257 1
258 1
259 1
260 1
261 1
262 1
263 1
264 1
265 1
266 1
267 1
268 1
269 1
270 1
271 1
272 1
273 1
274 1
275 1
276 1
277 1
278 1
279 1
280 1
281 1
282 1
283 1
284 1
285 1
286 1
287 1
288 1
289 1
290 1
291 1
292 1
293 1
294 1
295 1
296 1
297 1
298 1
299 1
300 1
301 1
302 1
303 1
304 1
305 1
306 1
307 1
308 1
309 1
310 1
311 1
312 1
313 1
314 1
315 1
316 1
317 1
318 1
319 1
320 1
321 1
322 1
323 1
324 1
325 1
326 1
327 1
328 1
329 1
330 1
331 1
332 1
333 1
334 1
335 1
336 1
337 1
338 1
339 1
340 1
341 1
342 1
343 1
344 1
345 1
346 1
347 1
348 1
349 1
350 1
351 1
352 1
353 1
354 1
355 1
356 1
357 1
358 1
359 1
360 1
361 1
362 1
363 1
364 1
365 1
366 1
367 1
368 1
369 1
370 1
371 1
372 1
373 1
374 1
375 1
376 1
377 1
378 1
379 1
380 1
381 1
382 1
383 1
384 1
385 1
386 1
387 1
388 1
389 1
390 1
391 1
392 1
393 1
394 1
395 1
396 1
397 1
398 1
399 1
400 1
401 1
402 1
403 1
404 1
405 1
406 1
407 1
408 1
409 1
410 1
411 1
412 1
413 1
414 1
415 1
416 1
417 1
418 1
419 1
420 1
421 1
422 1
423 1
424 1
425 1
426 1
427 1
428 1
429 1
430 1
431 1
432 1
433 1
434 1
435 1
436 1
437 1
438 1
439 1
440 1
441 1
442 1
443 1
444 1
445 1
446 1
447 1
448 1
449 1
450 1
451 1
452 1
453 1
454 1
455 1
456 1
457 1
458 1
459 1
460 1
461 1
462 1
463 1
464 1
465 1
466 1
467 1
468 1
469 1
470 1
471 1
472 1
473 1
474 1
0 0
1 0
2 0
3 0
4 0
5 0
6 0
7 0
8 0
9 0
10 0
11 1
12 0
13 0
14 0
15 0
16 0
17 0
18 0
19 0
20 0
21 1
22 0
23 0
24 0
25 0
26 1
27 0
28 0
29 1
30 0
31 1
32 4
33 1
34 0
35 0
36 0
37 0
38 1
39 1
40 0
41 0
42 0
43 0
44 0
45 3
46 0
47 0
48 3
49 0
50 1
51 0
52 0
53 0
54 2
55 2
56 5
57 0
58 2
59 1
60 0
61 0
62 2
63 1
64 0
65 2
66 3
67 1
68 3
69 1
70 2
71 4
72 5
73 3
74 2
75 4
76 0
77 1
78 1
79 1
80 1
81 3
82 4
83 0
84 2
85 0
86 3
87 4
88 4
89 6
90 2
91 2
92 1
93 0
94 1
95 4
96 3
97 2
98 4
99 1
100 2
101 7
102 2
103 3
104 3
105 3
106 2
107 6
108 2
109 4
110 3
111 3
112 2
113 3
114 3
115 4
116 1
117 5
118 1
119 8
120 3
121 1
122 1
123 2
124 2
125 2
126 3
127 1
128 2
129 7
130 3
131 9
132 8
133 6
134 3
135 3
136 9
137 5
138 4
139 0
140 7
141 7
142 4
143 3
144 6
145 4
146 2
147 0
148 4
149 4
150 7
151 8
152 5
153 2
154 5
155 5
156 6
157 4
158 7
159 4
160 5
161 4
162 4
163 9
164 2
165 2
166 5
167 6
168 7
169 9
170 3
171 7
172 3
173 10
174 5
175 6
176 3
177 10
178 1
179 6
180 6
181 7
182 5
183 9
184 9
185 2
186 5
187 5
188 5
189 4
190 4
191 4
192 5
193 5
194 11
195 11
196 7
197 7
198 8
199 5
200 7
201 9
202 6
203 7
204 1
205 4
206 11
207 7
208 8
209 12
210 11
211 5
212 4
213 9
214 8
215 7
216 7
217 8
218 5
219 7
220 9
221 6
222 6
223 7
224 11
225 7
226 7
227 11
228 10
229 7
230 12
231 10
232 7
233 5
234 13
235 8
236 9
237 9
238 7
239 12
240 8
241 4
242 9
243 9
244 11
245 7
246 9
247 9
248 11
249 7
250 13
251 10
252 13
253 11
254 5
255 8
256 12
257 7
258 9
259 12
260 8
261 8
262 6
263 4
264 7
265 17
266 13
267 8
268 9
269 10
270 7
271 8
272 12
273 11
274 12
275 13
276 12
277 11
278 11
279 12
280 16
281 10
282 9
283 13
284 15
285 13
286 10
287 14
288 8
289 12
290 17
291 6
292 6
293 16
294 12
295 9
296 7
297 9
298 10
299 11
300 12
301 8
302 10
303 9
304 13
305 11
306 10
307 13
308 14
309 17
310 6
311 11
312 8
313 11
314 10
315 3
316 14
317 12
318 14
319 6
320 8
321 10
322 10
323 9
324 15
325 11
326 5
327 9
328 9
329 13
330 7
331 8
332 11
333 14
334 22
335 15
336 13
337 15
338 7
339 13
340 14
341 11
342 10
343 11
344 13
345 12
346 12
347 9
348 9
349 13
350 14
351 15
352 16
353 8
354 9
355 19
356 19
357 4
358 15
359 16
360 18
361 9
362 9
363 8
364 5
365 13
366 11
367 14
368 9
369 7
370 22
371 11
372 18
373 12
374 6
375 10
376 8
377 16
378 17
379 7
380 12
381 13
382 20
383 14
384 6
385 14
386 8
387 12
388 17
389 12
390 14
391 19
392 11
393 19
394 14
395 10
396 11
397 19
398 11
399 16
400 11
401 19
402 19
403 14
404 8
405 12
406 18
407 25
408 16
409 12
410 15
411 18
412 22
413 18
414 23
415 18
416 21
417 19
418 16
419 10
420 18
421 14
422 20
423 13
424 11
425 14
426 21
427 18
428 20
429 12
430 19
431 17
432 14
433 15
434 15
435 12
436 13
437 18
438 17
439 17
440 18
441 21
442 19
443 20
444 17
445 15
446 18
447 18
448 15
449 20
450 12
451 13
452 22
453 25
454 15
455 13
456 21
457 16
458 21
459 19
460 17
461 15
462 23
463 25
464 18
465 15
466 18
467 18
468 28
469 17
470 20
471 20
472 16
473 22
474 15
475 21
476 15
477 16
478 23
479 15
480 20
481 25
482 10
483 23
484 18
485 16
486 22
487 16
488 16
489 16
490 16
491 17
492 17
493 15
494 21
495 12
496 16
497 17
498 23
499 18
0 0
0 21
0 58
0 72
0 173
0 195
0 236
0 282
0 374
0 430
0 452
0 466
0 478
0 485
0 486
1 1
1 48
1 65
1 129
1 131
1 166
1 183
1 189
1 236
1 253
1 274
1 275
1 298
1 341
1 349
1 392
1 428
1 475
2 2
2 11
2 54
2 58
2 91
2 97
2 108
2 119
2 122
2 156
2 173
2 180
2 235
2 248
2 276
2 279
2 281
2 316
2 358
2 365
2 375
2 394
2 398
2 403
2 406
2 410
2 455
2 471
3 3
3 32
3 73
3 95
3 97
3 101
3 131
3 198
3 216
3 230
3 231
3 284
3 352
3 353
3 370
3 376
3 421
3 443
3 469
4 4
4 54
4 64
4 86
4 129
4 136
4 154
4 194
4 200
4 238
4 244
4 289
4 341
4 363
4 385
4 441
4 457
4 477
5 5
5 12
5 74
5 105
5 108
5 143
5 161
5 201
5 210
5 215
5 228
5 283
5 288
5 333
5 344
5 347
5 350
5 360
5 365
5 386
5 422
5 468
5 478
5 492
6 6
6 29
6 31
6 55
6 66
6 87
6 113
6 115
6 118
6 122
6 159
6 176
6 234
6 261
6 262
6 265
6 278
6 282
6 315
6 318
6 329
6 340
6 346
6 348
6 443
7 7
7 11
7 74
7 77
7 87
7 98
7 144
7 237
7 243
7 265
7 268
7 286
7 318
7 325
7 348
7 454
7 456
7 471
7 481
8 8
8 21
8 67
8 100
8 101
8 136
8 145
8 158
8 183
8 185
8 195
8 203
8 224
8 253
8 256
8 282
8 290
8 300
8 329
8 333
8 343
8 400
9 9
9 18
9 75
9 91
9 171
9 195
9 220
9 235
9 259
9 265
9 274
9 322
9 328
9 367
9 370
9 374
9 378
9 401
9 430
9 460
9 466
10 10
10 20
10 38
10 50
10 58
10 67
10 71
10 107
10 161
10 169
10 198
10 206
10 247
10 269
10 316
10 322
10 335
10 367
10 379
10 406
10 439
10 441
10 450
11 11
11 15
11 26
11 48
11 88
11 113
11 163
11 191
11 245
11 260
11 302
11 321
11 338
11 348
11 354
11 383
11 394
11 417
12 12
12 32
12 68
12 69
12 127
12 137
12 145
12 150
12 156
12 215
12 269
12 291
12 294
12 335
12 370
12 374
12 420
12 437
12 470
13 13
13 22
13 33
13 39
13 91
13 117
13 141
13 150
13 156
13 190
13 196
13 250
13 294
13 342
13 343
13 453
14 14
14 32
14 68
14 84
14 114
14 132
14 151
14 164
14 201
14 284
14 294
14 320
14 322
14 341
14 370
14 420
14 423
14 428
14 430
14 462
15 15
15 23
15 29
15 52
15 53
15 56
15 72
15 75
15 95
15 115
15 141
15 160
15 181
15 196
15 234
15 244
15 258
15 310
15 359
15 371
15 449
16 16
16 32
16 70
16 79
16 96
16 108
16 157
16 168
16 182
16 206
16 207
16 231
16 241
16 243
16 246
16 382
16 402
17 17
17 34
17 40
17 59
17 82
17 90
17 101
17 105
17 119
17 142
17 148
17 183
17 195
17 199
17 216
17 251
17 253
17 329
17 334
17 345
17 386
17 397
17 469
17 471
17 493
18 18
18 35
18 56
18 81
18 86
18 144
18 184
18 198
18 239
18 276
18 277
18 280
18 281
18 304
18 338
18 352
18 362
18 386
18 396
18 412
18 413
18 438
18 442
18 444
18 471
19 19
19 69
19 78
19 84
19 98
19 113
19 141
19 175
19 197
19 231
19 282
19 289
19 308
19 335
19 349
19 350
19 420
19 437
19 483
20 20
20 26
20 39
20 72
20 89
20 142
20 166
20 173
20 179
20 192
20 243
20 279
20 280
20 292
20 309
20 374
20 398
20 419
20 449
20 462
20 475
20 487
21 21
21 56
21 141
21 157
21 275
21 335
21 432
21 466
21 473
22 22
22 71
22 115
22 138
22 156
22 159
22 243
22 281
22 314
22 321
22 324
22 432
22 453
22 493
22 497
23 23
23 32
23 50
23 54
23 111
23 138
23 148
23 154
23 196
23 197
23 207
23 209
23 217
23 219
23 275
23 346
23 364
23 394
23 433
24 24
24 27
24 43
24 93
24 106
24 114
24 120
24 131
24 132
24 133
24 158
24 171
24 175
24 177
24 250
24 312
24 346
24 416
24 423
24 451
24 465
24 474
25 25
25 46
25 56
25 66
25 90
25 107
25 166
25 201
25 212
25 223
25 283
25 307
25 318
25 391
25 393
25 447
25 494
26 26
26 163
26 175
26 201
26 230
26 234
26 267
26 305
26 316
26 343
26 357
26 366
26 404
26 434
26 445
26 468
26 493
27 27
27 31
27 55
27 88
27 89
27 95
27 102
27 141
27 169
27 172
27 187
27 227
27 230
27 259
27 264
27 265
27 273
27 279
27 335
27 355
27 380
27 401
27 406
27 429
27 441
28 28
28 45
28 56
28 59
28 70
28 88
28 117
28 161
28 203
28 259
28 268
28 273
28 324
28 390
28 445
28 466
29 29
29 56
29 62
29 66
29 99
29 123
29 131
29 152
29 163
29 191
29 237
29 273
29 311
29 383
29 452
29 472
30 30
30 48
30 128
30 136
30 145
30 152
30 172
30 185
30 213
30 217
30 277
30 287
30 308
30 415
30 426
30 498
31 31
31 48
31 81
31 101
31 112
31 119
31 158
31 167
31 170
31 206
31 276
31 280
31 290
31 297
31 306
31 316
31 333
31 344
31 351
31 396
31 404
31 423
31 438
31 444
31 445
32 32
32 33
32 44
32 109
32 142
32 149
32 190
32 261
32 268
32 318
32 327
32 393
32 422
32 430
32 435
32 449
32 456
32 468
33 33
33 38
33 47
33 89
33 111
33 133
33 195
33 197
33 217
33 234
33 244
33 246
33 256
33 330
33 334
33 358
33 359
33 397
33 410
33 449
33 453
34 34
34 98
34 99
34 115
34 135
34 144
34 149
34 151
34 168
34 194
34 234
34 239
34 253
34 255
34 280
34 296
34 312
34 334
34 355
34 401
34 460
34 486
34 489
35 35
35 82
35 87
35 96
35 198
35 285
35 290
35 359
35 364
35 391
35 425
35 448
35 485
36 36
36 62
36 105
36 119
36 126
36 140
36 146
36 281
36 283
36 365
36 429
36 438
36 447
36 472
36 476
37 37
37 45
37 84
37 101
37 114
37 150
37 170
37 208
37 220
37 243
37 270
37 305
37 346
37 371
37 375
37 410
37 444
37 448
37 459
37 463
37 491
37 494
38 38
38 76
38 138
38 151
38 163
38 188
38 202
38 219
38 224
38 275
38 326
38 333
38 355
38 388
38 401
38 411
38 433
38 446
38 448
38 471
38 486
38 492
39 39
39 45
39 178
39 183
39 199
39 233
39 265
39 275
39 287
39 297
39 334
39 377
39 395
39 401
39 417
39 444
39 450
39 475
40 40
40 63
40 73
40 78
40 107
40 155
40 184
40 236
40 238
40 246
40 253
40 279
40 312
40 351
40 383
40 423
40 480
40 487
40 496
41 41
41 75
41 89
41 105
41 117
41 120
41 141
41 202
41 211
41 223
41 225
41 237
41 244
41 245
41 350
41 367
41 406
41 439
41 447
41 468
42 42
42 45
42 62
42 70
42 131
42 136
42 155
42 196
42 273
42 297
42 314
42 334
42 342
42 391
42 423
42 439
42 440
42 462
43 43
43 65
43 107
43 151
43 184
43 190
43 214
43 238
43 272
43 336
43 390
43 430
43 451
44 44
44 68
44 112
44 179
44 180
44 226
44 231
44 232
44 247
44 257
44 272
44 287
44 300
44 303
44 316
44 317
44 335
44 361
44 378
44 379
44 397
44 414
44 427
44 468
44 472
44 475
45 45
45 51
45 55
45 71
45 72
45 116
45 150
45 198
45 207
45 225
45 254
45 256
45 286
45 298
45 308
45 352
45 354
45 396
45 402
45 411
45 434
45 481
45 498
46 46
46 82
46 87
46 125
46 132
46 143
46 247
46 314
46 360
46 425
46 461
46 483
46 496
46 497
46 498
47 47
47 74
47 77
47 101
47 166
47 201
47 230
47 247
47 330
47 337
47 347
47 352
47 359
47 401
47 422
47 428
47 450
47 464
48 48
48 65
48 75
48 98
48 101
48 131
48 140
48 167
48 188
48 200
48 216
48 219
48 227
48 284
48 329
48 338
48 366
48 369
48 387
48 388
48 399
48 431
48 467
49 49
49 88
49 92
49 157
49 173
49 219
49 250
49 265
49 266
49 274
49 325
49 375
49 399
49 445
49 466
49 477
50 50
50 71
50 130
50 177
50 187
50 189
50 201
50 230
50 249
50 264
50 273
50 286
50 293
50 301
50 304
50 312
50 400
50 426
50 480
51 51
51 96
51 220
51 239
51 242
51 277
51 332
51 335
51 346
51 426
51 432
51 434
51 460
51 462
51 463
51 465
52 52
52 86
52 87
52 103
52 194
52 240
52 277
52 320
52 324
52 383
52 389
52 394
52 407
52 447
52 454
52 475
52 478
53 53
53 81
53 135
53 169
53 205
53 210
53 219
53 224
53 230
53 333
53 335
53 369
53 393
53 404
53 412
53 458
54 54
54 107
54 133
54 166
54 169
54 238
54 305
54 327
54 426
54 432
54 473
54 486
54 499
55 55
55 63
55 130
55 150
55 196
55 222
55 226
55 234
55 236
55 282
55 307
55 334
55 342
55 363
55 418
55 431
55 456
55 486
56 56
56 80
56 110
56 117
56 174
56 216
56 248
56 252
56 271
56 340
56 365
56 385
56 420
56 455
56 457
56 463
57 57
57 61
57 66
57 72
57 73
57 96
57 101
57 168
57 170
57 207
57 243
57 304
57 339
57 376
57 390
57 396
57 410
57 494
58 58
58 140
58 169
58 200
58 258
58 295
58 304
58 340
58 347
58 407
58 416
58 431
58 439
58 464
58 484
59 59
59 112
59 129
59 159
59 169
59 180
59 244
59 272
59 275
59 285
59 300
59 307
59 308
59 312
59 359
59 392
59 403
59 412
59 445
59 451
59 456
59 471
60 60
60 68
60 117
60 132
60 228
60 248
60 280
60 290
60 372
60 383
60 393
60 407
60 465
60 497
61 61
61 86
61 137
61 219
61 278
61 308
61 325
61 354
61 401
61 430
61 446
61 453
62 62
62 75
62 89
62 302
62 307
62 370
62 394
62 427
62 440
62 446
62 499
63 63
63 80
63 111
63 150
63 159
63 222
63 240
63 242
63 293
63 299
63 302
63 373
63 392
63 395
63 418
63 429
63 438
63 489
63 498
64 64
64 138
64 208
64 212
64 213
64 238
64 239
64 259
64 289
64 300
64 337
64 355
64 392
64 397
64 408
64 418
64 483
64 494
65 65
65 124
65 126
65 151
65 170
65 274
65 299
65 317
65 349
65 359
65 378
65 388
65 401
65 411
65 439
65 467
65 468
65 470
65 480
66 66
66 71
66 81
66 140
66 152
66 200
66 208
66 224
66 256
66 327
66 346
66 356
66 396
66 405
66 410
66 447
66 477
66 488
67 67
67 72
67 73
67 92
67 104
67 119
67 151
67 160
67 252
67 256
67 293
67 305
67 332
67 362
67 366
67 373
67 412
67 440
67 456
68 68
68 102
68 103
68 113
68 126
68 144
68 241
68 263
68 351
68 366
68 372
68 384
68 449
68 460
68 469
68 488
69 69
69 153
69 158
69 159
69 198
69 256
69 262
69 350
69 362
69 389
69 398
69 414
69 424
69 437
69 441
69 466
69 470
69 482
69 483
70 70
70 90
70 94
70 95
70 110
70 111
70 129
70 133
70 136
70 171
70 177
70 221
70 271
70 280
70 289
70 335
70 342
70 405
70 412
70 426
70 437
71 71
71 193
71 240
71 247
71 272
71 283
71 389
71 402
71 415
71 428
71 453
71 487
72 72
72 107
72 129
72 132
72 194
72 200
72 206
72 248
72 316
72 367
72 415
72 433
72 438
72 449
72 463
72 481
73 73
73 98
73 133
73 137
73 142
73 151
73 162
73 183
73 231
73 251
73 274
73 298
73 313
73 323
73 375
73 376
73 387
73 402
73 408
73 429
73 463
73 489
74 74
74 79
74 97
74 136
74 144
74 154
74 177
74 186
74 215
74 224
74 267
74 272
74 277
74 286
74 345
74 397
74 402
74 415
74 429
74 441
74 448
74 454
74 467
74 481
75 75
75 82
75 95
75 109
75 136
75 141
75 145
75 175
75 185
75 271
75 337
75 341
75 372
75 397
75 403
75 424
75 489
76 76
76 83
76 88
76 89
76 100
76 106
76 129
76 131
76 139
76 141
76 143
76 172
76 177
76 179
76 206
76 222
76 239
76 244
76 285
76 299
76 334
76 348
76 440
76 496
77 77
77 126
77 135
77 149
77 228
77 232
77 234
77 253
77 306
77 309
77 360
77 374
77 382
77 395
77 404
77 437
77 440
77 444
77 459
77 496
78 78
78 104
78 109
78 142
78 181
78 209
78 248
78 269
78 284
78 309
78 373
78 377
78 386
78 433
78 479
79 79
79 125
79 222
79 258
79 269
79 317
79 319
79 341
79 342
79 346
79 351
79 408
79 434
79 435
79 449
79 459
80 80
80 94
80 102
80 124
80 125
80 133
80 140
80 183
80 196
80 211
80 214
80 221
80 230
80 252
80 286
80 307
80 324
80 352
80 355
80 361
80 372
80 384
80 388
80 420
81 81
81 82
81 109
81 150
81 228
81 231
81 293
81 304
81 317
81 378
81 418
81 443
81 458
81 481
82 82
82 165
82 169
82 180
82 215
82 225
82 252
82 314
82 334
82 398
82 443
82 460
82 468
82 469
82 475
82 478
83 83
83 89
83 117
83 137
83 143
83 168
83 210
83 234
83 241
83 263
83 288
83 337
83 357
83 409
83 427
83 438
83 468
84 84
84 209
84 232
84 242
84 266
84 278
84 280
84 338
84 373
84 414
84 477
84 481
85 85
85 146
85 179
85 214
85 215
85 271
85 294
85 311
85 318
85 336
85 339
85 396
85 484
86 86
86 100
86 130
86 155
86 213
86 274
86 275
86 304
86 390
86 404
86 424
86 448
86 472
86 476
86 478
87 87
87 118
87 128
87 168
87 188
87 232
87 236
87 286
87 309
87 320
87 370
87 381
87 385
87 391
87 419
87 454
88 88
88 153
88 175
88 213
88 237
88 251
88 270
88 301
88 360
88 416
88 444
88 447
88 469
88 473
88 498
89 89
89 162
89 167
89 178
89 195
89 198
89 205
89 251
89 259
89 266
89 335
89 360
89 425
89 449
89 499
90 90
90 148
90 167
90 202
90 218
90 244
90 278
90 349
90 412
90 433
90 450
90 454
90 468
91 91
91 104
91 173
91 201
91 224
91 226
91 240
91 261
91 284
91 299
91 301
91 327
91 358
91 381
91 416
91 425
91 440
91 444
91 452
91 457
91 466
91 471
91 472
92 92
92 195
92 220
92 278
92 297
92 325
92 352
92 356
92 360
92 426
92 489
92 490
93 93
93 104
93 168
93 209
93 244
93 252
93 260
93 271
93 296
93 305
93 313
93 335
93 358
93 416
93 417
93 442
93 454
94 94
94 103
94 110
94 119
94 121
94 133
94 150
94 174
94 184
94 194
94 204
94 208
94 216
94 221
94 228
94 241
94 243
94 250
94 255
94 280
94 290
94 308
94 343
94 356
94 381
94 480
94 490
95 95
95 103
95 120
95 163
95 171
95 183
95 199
95 202
95 230
95 233
95 272
95 299
95 304
95 310
95 417
95 426
95 458
95 466
95 468
95 470
95 481
95 485
96 96
96 123
96 158
96 179
96 284
96 303
96 321
96 388
96 439
96 459
97 97
97 109
97 110
97 120
97 157
97 181
97 206
97 217
97 220
97 224
97 241
97 253
97 283
97 287
97 309
97 318
97 319
97 333
97 355
97 425
98 98
98 128
98 155
98 168
98 193
98 203
98 245
98 266
98 279
98 281
98 298
98 315
98 332
98 334
98 352
98 406
98 424
98 436
98 451
98 455
98 483
98 495
99 99
99 129
99 154
99 196
99 200
99 230
99 250
99 285
99 302
99 393
99 437
99 479
99 483
99 494
100 100
100 114
100 119
100 171
100 230
100 300
100 320
100 356
100 386
100 427
100 498
101 101
101 121
101 136
101 162
101 177
101 225
101 264
101 272
101 338
101 381
101 420
101 451
101 478
102 102
102 132
102 134
102 144
102 210
102 285
102 312
102 346
102 435
102 463
102 483
102 484
103 103
103 106
103 107
103 119
103 135
103 158
103 193
103 213
103 217
103 226
103 265
103 272
103 298
103 308
103 354
103 356
103 370
103 372
103 406
103 422
103 425
103 447
103 459
103 489
103 494
104 104
104 131
104 132
104 136
104 163
104 169
104 173
104 216
104 224
104 302
104 311
104 314
104 336
104 337
104 372
104 391
104 404
104 416
104 449
104 462
104 475
105 105
105 115
105 123
105 149
105 186
105 191
105 203
105 242
105 287
105 292
105 304
105 358
105 365
105 375
105 401
105 402
105 469
105 478
105 489
106 106
106 137
106 144
106 187
106 196
106 229
106 248
106 278
106 287
106 290
106 306
106 351
106 408
106 436
106 438
106 497
107 107
107 132
107 151
107 157
107 168
107 195
107 243
107 247
107 259
107 356
107 365
107 457
107 475
108 108
108 129
108 146
108 187
108 208
108 213
108 234
108 271
108 273
108 278
108 279
108 311
108 409
108 413
108 480
109 109
109 131
109 134
109 140
109 156
109 194
109 221
109 277
109 324
109 345
109 361
109 399
109 436
109 445
109 447
109 464
109 467
109 483
109 498
110 110
110 127
110 161
110 184
110 194
110 201
110 250
110 260
110 277
110 280
110 289
110 295
110 317
110 329
110 368
110 380
110 421
110 443
110 488
111 111
111 116
111 206
111 268
111 363
111 393
111 407
111 424
111 457
112 112
112 130
112 162
112 163
112 173
112 205
112 212
112 213
112 236
112 248
112 284
112 301
112 327
112 356
112 421
112 437
112 455
113 113
113 124
113 151
113 181
113 197
113 269
113 289
113 298
113 300
113 319
113 378
113 418
113 423
113 431
113 432
113 497
114 114
114 160
114 177
114 179
114 186
114 227
114 228
114 237
114 239
114 274
114 299
114 324
114 326
114 336
114 340
114 359
114 371
114 372
114 375
114 418
114 427
114 464
115 115
115 119
115 203
115 214
115 290
115 313
115 333
115 389
115 445
115 497
116 116
116 134
116 176
116 183
116 269
116 304
116 332
116 334
116 345
116 369
116 407
116 481
116 493
117 117
117 167
117 309
117 380
117 385
117 431
117 440
117 445
117 467
117 473
118 118
118 181
118 189
118 194
118 207
118 216
118 265
118 293
118 308
118 320
118 331
118 398
118 411
118 418
118 419
118 463
118 468
118 474
118 483
119 119
119 140
119 145
119 152
119 199
119 208
119 224
119 244
119 249
119 266
119 273
119 290
119 292
119 329
119 377
119 456
119 465
119 466
119 478
119 486
120 120
120 161
120 193
120 217
120 229
120 230
120 256
120 274
120 297
120 307
120 318
120 332
120 420
120 422
120 428
120 453
120 486
121 121
121 132
121 219
121 252
121 270
121 278
121 282
121 336
121 376
121 378
121 394
121 460
121 468
121 477
121 478
121 482
122 122
122 177
122 192
122 217
122 227
122 235
122 252
122 281
122 353
122 361
122 363
122 392
122 426
122 431
122 441
122 457
122 459
122 461
122 462
122 476
122 492
123 123
123 209
123 218
123 300
123 327
123 367
123 431
123 441
123 482
123 486
124 124
124 136
124 152
124 163
124 195
124 209
124 215
124 248
124 253
124 254
124 264
124 306
124 310
124 318
124 326
124 413
124 441
124 444
124 494
124 499
125 125
125 131
125 227
125 246
125 259
125 279
125 295
125 348
125 393
125 490
126 126
126 154
126 169
126 175
126 179
126 184
126 206
126 235
126 268
126 284
126 304
126 309
126 314
126 330
126 332
126 351
126 368
126 370
126 378
126 406
126 409
126 457
126 470
127 127
127 155
127 182
127 189
127 223
127 286
127 297
127 309
127 331
127 350
127 389
127 402
127 424
127 456
128 128
128 156
128 158
128 165
128 173
128 183
128 192
128 209
128 211
128 214
128 233
128 256
128 277
128 280
128 360
128 369
128 399
128 408
128 425
128 442
128 488
129 129
129 134
129 175
129 206
129 250
129 264
129 280
129 292
129 294
129 295
129 298
129 328
129 380
129 386
129 437
129 445
129 447
129 480
130 130
130 197
130 236
130 280
130 284
130 290
130 302
130 321
130 334
130 391
130 395
130 419
130 451
130 459
130 474
131 131
131 138
131 177
131 195
131 218
131 239
131 255
131 288
131 294
131 308
131 336
131 365
131 380
131 427
131 477
131 490
132 132
132 177
132 202
132 207
132 227
132 266
132 267
132 286
132 412
132 442
132 449
132 458
133 133
133 148
133 156
133 172
133 207
133 250
133 254
133 270
133 295
133 299
133 325
133 334
133 341
133 490
133 498
134 134
134 137
134 148
134 171
134 251
134 264
134 268
134 287
134 306
134 345
134 356
134 378
134 383
134 385
134 413
134 416
134 428
135 135
135 155
135 164
135 167
135 214
135 236
135 325
135 471
135 475
135 477
136 136
136 169
136 181
136 193
136 210
136 222
136 226
136 233
136 239
136 261
136 285
136 286
136 298
136 397
136 414
136 427
136 433
136 443
136 450
136 468
136 498
137 137
137 322
137 323
137 353
137 372
137 407
137 435
137 448
137 491
138 138
138 160
138 182
138 210
138 212
138 257
138 261
138 286
138 371
138 372
138 398
138 433
138 436
138 446
138 456
138 468
139 139
139 140
139 173
139 191
139 213
139 218
139 225
139 284
139 289
139 333
139 372
139 415
139 417
139 431
139 461
139 466
139 469
139 481
140 140
140 188
140 194
140 202
140 227
140 261
140 289
140 380
140 415
140 418
140 433
140 442
140 466
140 491
141 141
141 154
141 181
141 184
141 190
141 201
141 211
141 219
141 229
141 232
141 235
141 249
141 300
141 344
141 378
141 400
141 419
141 483
142 142
142 160
142 165
142 183
142 195
142 237
142 242
142 255
142 257
142 308
142 326
142 405
142 407
142 411
142 413
143 143
143 176
143 200
143 224
143 300
143 380
143 428
143 462
144 144
144 149
144 198
144 208
144 246
144 251
144 257
144 265
144 276
144 334
144 343
144 375
144 397
144 403
144 404
144 410
144 412
144 416
144 428
144 468
145 145
145 152
145 153
145 171
145 174
145 184
145 197
145 243
145 252
145 267
145 311
145 313
145 331
145 395
145 471
145 494
146 146
146 192
146 208
146 250
146 268
146 269
146 321
146 344
146 382
146 436
146 449
147 147
147 209
147 242
147 265
147 289
147 346
147 347
147 415
147 442
147 452
147 468
147 497
148 148
148 162
148 197
148 220
148 240
148 345
148 359
148 363
148 371
148 461
148 474
148 486
149 149
149 166
149 186
149 234
149 345
149 423
149 441
149 462
149 481
149 499
150 150
150 180
150 205
150 213
150 232
150 249
150 311
150 334
150 365
150 377
150 397
150 437
150 439
150 443
150 457
150 472
151 151
151 163
151 182
151 232
151 277
151 315
151 317
151 352
151 354
151 355
151 362
151 440
151 452
151 461
152 152
152 158
152 160
152 173
152 227
152 285
152 329
152 368
152 383
152 441
152 473
152 478
153 153
153 163
153 171
153 198
153 209
153 210
153 231
153 234
153 274
153 333
153 362
153 377
153 381
153 402
153 440
153 454
153 456
153 467
153 468
153 471
153 481
154 154
154 202
154 228
154 246
154 272
154 276
154 291
154 367
154 370
154 410
154 412
154 441
154 452
154 475
155 155
155 192
155 210
155 239
155 260
155 298
155 312
155 408
155 440
155 448
155 472
156 156
156 176
156 226
156 237
156 289
156 299
156 301
156 336
156 406
156 428
156 446
156 488
156 489
156 490
156 492
157 157
157 184
157 195
157 226
157 267
157 288
157 355
157 378
157 418
157 460
157 489
158 158
158 180
158 182
158 237
158 258
158 287
158 337
158 342
158 390
158 407
158 457
158 462
158 468
159 159
159 199
159 203
159 223
159 307
159 318
159 341
159 352
159 395
159 481
160 160
160 199
160 209
160 220
160 224
160 246
160 307
160 323
160 334
160 370
160 377
160 403
160 418
160 494
161 161
161 164
161 215
161 250
161 273
161 306
161 308
161 333
161 349
161 397
161 417
161 430
162 162
162 167
162 194
162 221
162 259
162 356
162 412
162 439
163 163
163 173
163 204
163 252
163 259
163 353
163 399
164 164
164 231
164 239
164 242
164 277
164 352
164 371
164 413
164 426
164 431
164 469
164 492
165 165
165 174
165 182
165 186
165 192
165 194
165 203
165 290
165 420
165 430
165 435
165 452
165 474
166 166
166 250
166 251
166 255
166 268
166 296
166 299
166 321
166 366
167 167
167 177
167 187
167 191
167 209
167 224
167 300
167 355
167 384
167 390
167 392
167 407
167 470
167 487
168 168
168 235
168 247
168 251
168 252
168 290
168 293
168 307
168 317
168 318
168 331
168 340
168 350
168 358
168 372
168 381
168 413
168 458
168 471
168 477
169 169
169 174
169 190
169 194
169 209
169 227
169 282
169 349
169 365
169 391
169 401
169 452
169 463
170 170
170 206
170 220
170 225
170 245
170 316
170 429
170 441
170 447
170 458
170 463
170 485
170 495
171 171
171 174
171 228
171 229
171 237
171 283
171 334
171 359
171 397
171 403
171 414
171 422
171 449
171 452
171 457
171 458
171 496
172 172
172 287
172 334
172 345
172 407
172 409
172 412
172 449
172 454
172 462
172 474
172 490
172 493
173 173
173 189
173 193
173 201
173 203
173 378
173 396
173 421
173 422
173 467
173 478
174 174
174 181
174 184
174 188
174 210
174 262
174 266
174 274
174 285
174 290
174 293
174 306
174 327
174 342
174 353
174 370
174 373
174 378
174 393
174 427
174 449
174 462
174 476
175 175
175 210
175 265
175 334
175 335
175 349
175 350
175 447
175 467
176 176
176 212
176 235
176 252
176 269
176 294
176 305
176 347
176 372
176 417
176 473
176 474
176 484
177 177
177 180
177 237
177 251
177 279
177 338
177 373
177 382
177 459
177 486
178 178
178 231
178 246
178 290
178 324
178 334
178 349
178 411
178 430
178 433
178 463
178 478
178 482
178 497
178 499
179 179
179 186
179 255
179 263
179 267
179 293
179 311
179 316
179 367
179 369
179 377
179 402
179 434
180 180
180 206
180 297
180 399
180 424
180 428
180 440
180 454
180 483
181 181
181 211
181 239
181 242
181 252
181 253
181 271
181 296
181 302
181 358
181 370
181 377
181 443
181 458
181 466
181 488
181 499
182 182
182 187
182 210
182 223
182 228
182 280
182 284
182 291
182 295
182 320
182 358
182 373
182 377
182 381
182 459
182 460
182 476
183 183
183 326
183 370
183 416
183 417
183 441
183 464
183 490
183 492
184 184
184 214
184 276
184 424
184 458
184 460
184 494
185 185
185 214
185 236
185 247
185 248
185 260
185 261
185 266
185 285
185 299
185 321
185 332
185 337
185 348
185 420
185 466
186 186
186 188
186 207
186 256
186 260
186 288
186 291
186 322
186 339
186 378
186 453
186 464
186 475
187 187
187 209
187 218
187 230
187 327
187 370
187 373
187 382
187 433
187 470
187 484
187 487
188 188
188 214
188 239
188 244
188 247
188 266
188 272
188 280
188 332
188 344
188 376
188 394
188 402
188 414
188 434
188 457
189 189
189 200
189 210
189 222
189 226
189 266
189 313
189 322
189 364
189 372
189 382
189 393
189 407
189 414
189 449
189 453
189 456
189 461
190 190
190 213
190 222
190 293
190 333
190 334
190 344
190 356
190 393
190 408
190 416
190 423
190 483
190 496
190 498
191 191
191 234
191 276
191 282
191 303
191 310
191 338
191 414
191 417
191 422
191 426
191 433
191 456
191 485
191 489
192 192
192 228
192 257
192 258
192 300
192 360
192 382
192 399
192 401
192 445
192 447
192 461
192 482
192 488
192 491
193 193
193 220
193 249
193 253
193 254
193 287
193 298
193 322
193 330
193 355
193 378
193 406
193 408
193 415
193 446
193 452
193 475
193 483
193 494
194 194
194 265
194 306
194 310
194 323
194 407
194 408
194 417
194 465
194 485
194 490
195 195
195 197
195 236
195 238
195 240
195 293
195 336
195 340
195 353
195 357
195 406
195 422
195 430
196 196
196 206
196 211
196 223
196 244
196 250
196 283
196 293
196 304
196 328
196 370
196 392
196 403
196 430
196 440
196 452
196 479
196 496
197 197
197 221
197 235
197 280
197 288
197 345
197 382
197 396
197 404
197 411
197 421
197 428
197 430
197 451
197 477
198 198
198 265
198 347
198 366
198 403
198 441
198 453
199 199
199 215
199 264
199 270
199 278
199 293
199 346
199 356
199 362
199 364
199 437
199 454
199 466
199 470
200 200
200 208
200 227
200 240
200 258
200 283
200 285
200 286
200 289
200 295
200 310
200 333
200 359
200 378
200 380
200 393
200 450
200 463
200 476
200 498
201 201
201 230
201 235
201 257
201 290
201 291
201 306
201 311
201 391
201 416
201 421
201 426
202 202
202 205
202 265
202 273
202 276
202 285
202 311
202 316
202 372
202 385
202 412
202 413
202 434
203 203
203 223
203 263
203 337
203 349
203 357
203 362
203 366
203 410
203 442
203 488
204 204
204 217
204 255
204 309
204 319
204 339
204 356
204 365
204 382
204 411
204 431
204 441
204 481
204 487
204 497
205 205
205 233
205 266
205 269
205 273
205 281
205 306
205 355
205 390
205 391
205 405
205 407
205 471
205 482
205 485
206 206
206 259
206 262
206 306
206 326
206 335
206 344
206 359
206 409
206 440
206 464
206 494
207 207
207 229
207 256
207 259
207 276
207 283
207 297
207 313
207 350
207 387
207 400
207 439
207 454
207 482
208 208
208 231
208 246
208 256
208 272
208 322
208 329
208 355
208 453
208 468
208 475
208 479
208 496
208 499
209 209
209 216
209 218
209 227
209 245
209 279
209 323
209 426
209 432
209 456
209 490
210 210
210 229
210 232
210 239
210 245
210 253
210 258
210 265
210 283
210 292
210 311
210 349
210 378
210 382
210 394
210 395
210 461
210 483
210 497
211 211
211 220
211 227
211 240
211 242
211 245
211 249
211 285
211 426
211 440
211 445
211 459
211 462
211 468
211 471
211 486
212 212
212 221
212 255
212 260
212 266
212 281
212 305
212 317
212 329
212 336
212 351
212 352
212 414
212 427
212 441
212 462
213 213
213 243
213 260
213 267
213 294
213 303
213 313
213 329
213 381
213 427
213 474
213 477
214 214
214 240
214 256
214 301
214 316
214 328
214 331
214 360
214 373
214 386
214 393
214 403
214 420
214 428
214 483
214 492
214 494
215 215
215 223
215 229
215 279
215 307
215 330
215 349
215 360
215 405
215 447
215 472
216 216
216 217
216 225
216 242
216 259
216 287
216 290
216 309
216 494
217 217
217 233
217 261
217 262
217 294
217 296
217 367
217 413
217 479
218 218
218 234
218 262
218 265
218 280
218 321
218 351
218 375
218 379
218 439
218 442
218 464
218 488
219 219
219 225
219 229
219 244
219 249
219 255
219 270
219 287
219 324
219 332
219 390
219 416
219 417
219 419
219 443
219 484
219 492
220 220
220 253
220 258
220 318
220 342
220 359
220 370
220 371
220 373
220 383
220 403
220 467
220 498
221 221
221 247
221 276
221 284
221 285
221 294
221 351
221 399
221 412
221 420
221 422
221 448
221 451
221 459
221 470
222 222
222 275
222 290
222 337
222 352
222 418
222 456
222 470
222 479
223 223
223 263
223 266
223 313
223 325
223 358
223 381
223 393
223 407
223 425
223 426
223 429
223 446
223 463
223 498
224 224
224 259
224 269
224 309
224 337
224 340
224 370
224 399
224 408
224 434
224 453
224 470
224 471
225 225
225 234
225 260
225 325
225 334
225 385
225 388
225 390
225 404
225 485
225 495
226 226
226 228
226 231
226 251
226 254
226 270
226 279
226 387
226 393
226 402
226 432
226 445
226 477
226 487
227 227
227 265
227 288
227 301
227 303
227 305
227 329
227 332
227 415
227 434
227 437
227 447
227 464
228 228
228 287
228 296
228 309
228 316
228 317
228 323
228 332
228 337
228 339
228 340
228 385
228 422
228 456
229 229
229 246
229 256
229 278
229 287
229 288
229 303
229 337
229 362
229 366
229 379
229 388
229 405
229 443
229 454
229 480
229 486
230 230
230 249
230 294
230 321
230 345
230 357
230 359
230 377
230 384
230 401
230 436
231 231
231 250
231 265
231 287
231 291
231 320
231 324
231 429
231 469
232 232
232 238
232 303
232 322
232 330
232 354
232 363
232 428
232 448
232 462
233 233
233 266
233 292
233 340
233 368
233 372
233 382
233 438
233 463
233 497
234 234
234 245
234 257
234 275
234 276
234 315
234 388
234 420
234 436
234 446
234 458
234 470
234 476
234 495
235 235
235 251
235 275
235 323
235 341
235 351
235 363
235 406
235 413
235 478
236 236
236 238
236 248
236 274
236 281
236 296
236 349
236 382
236 391
236 399
236 423
236 442
237 237
237 284
237 293
237 310
237 387
237 396
237 427
237 448
237 474
237 486
238 238
238 272
238 324
238 340
238 350
238 352
238 355
238 411
238 434
238 462
238 472
239 239
239 264
239 270
239 271
239 285
239 289
239 343
239 344
239 376
239 423
239 429
239 443
239 455
239 463
239 475
239 476
240 240
240 262
240 277
240 313
240 324
240 325
240 353
240 356
240 400
240 407
240 419
240 467
241 241
241 248
241 250
241 257
241 343
241 350
241 382
241 458
241 477
241 481
241 493
242 242
242 275
242 280
242 295
242 339
242 347
242 421
242 433
242 453
243 243
243 258
243 275
243 307
243 339
243 354
243 375
243 391
243 441
243 442
243 465
243 490
243 498
244 244
244 279
244 284
244 309
244 325
244 365
244 425
244 444
244 476
244 484
244 492
245 245
245 248
245 274
245 283
245 308
245 322
245 339
245 341
245 354
245 356
245 410
245 417
245 474
246 246
246 254
246 283
246 299
246 304
246 323
246 388
246 414
246 448
247 247
247 252
247 328
247 347
247 367
247 426
247 459
247 474
248 248
248 261
248 329
248 331
248 390
248 414
248 420
248 440
248 481
248 488
249 249
249 252
249 271
249 273
249 316
249 355
249 359
249 389
249 421
249 496
250 250
250 267
250 274
250 312
250 319
250 355
250 376
250 402
250 414
250 423
250 452
250 487
251 251
251 267
251 336
251 355
251 365
251 382
251 458
251 460
251 484
252 252
252 385
252 414
252 421
252 425
252 470
252 471
253 253
253 316
253 341
253 361
253 368
253 442
253 463
253 491
254 254
254 258
254 317
254 352
254 383
254 394
254 424
254 466
255 255
255 275
255 289
255 302
255 328
255 405
255 413
255 421
255 440
255 455
255 466
255 478
255 488
256 256
256 276
256 318
256 333
256 348
256 358
256 391
256 397
256 402
256 410
256 445
256 455
257 257
257 294
257 296
257 301
257 308
257 316
257 321
257 330
257 366
257 370
257 384
257 386
257 414
257 417
257 461
257 469
257 496
258 258
258 278
258 293
258 318
258 343
258 375
258 385
258 419
258 443
258 453
258 484
258 494
259 259
259 273
259 282
259 284
259 380
259 396
259 454
259 464
259 493
260 260
260 314
260 330
260 331
260 373
260 474
261 261
261 272
261 318
261 324
261 328
261 337
261 341
261 352
261 364
261 422
261 452
261 467
261 473
261 495
262 262
262 318
262 344
262 355
262 356
262 385
262 415
263 263
263 283
263 292
263 301
263 340
263 345
263 348
263 405
263 415
263 458
263 495
263 499
264 264
264 275
264 277
264 312
264 314
264 319
264 320
264 331
264 335
264 381
264 418
264 431
264 435
264 479
265 265
265 279
265 349
265 378
265 383
265 473
266 266
266 268
266 314
266 324
266 356
266 371
266 396
266 447
266 473
266 475
266 488
267 267
267 268
267 269
267 293
267 295
267 317
267 324
267 354
267 382
267 388
267 406
267 434
267 442
267 472
267 478
268 268
268 297
268 304
268 347
268 371
268 431
268 439
268 450
268 494
269 269
269 297
269 351
269 412
269 416
269 439
269 452
269 470
270 270
270 303
270 327
270 377
270 392
270 398
270 442
270 453
271 271
271 344
271 346
271 380
271 392
271 409
271 425
271 453
271 456
271 460
272 272
272 309
272 337
272 340
272 389
272 431
272 446
273 273
273 281
273 333
273 361
273 414
273 417
273 429
274 274
274 283
274 307
274 311
274 385
274 410
274 434
274 498
275 275
275 276
275 281
275 282
275 328
275 361
275 397
275 410
275 418
275 419
275 455
275 457
276 276
276 278
276 452
276 475
277 277
277 316
277 340
277 362
277 436
277 452
277 465
278 278
278 293
278 352
278 390
278 399
278 469
278 473
278 489
279 279
279 314
279 335
279 418
279 422
279 437
279 453
279 465
279 468
280 280
280 294
280 295
280 307
280 317
280 328
280 366
280 368
280 389
280 394
280 458
280 478
281 281
281 288
281 298
281 313
281 370
281 407
281 413
282 282
282 344
282 372
282 442
282 444
283 283
283 284
283 293
283 302
283 303
283 305
283 407
283 417
283 460
284 284
284 290
284 300
284 341
284 356
284 368
284 407
284 412
284 427
284 434
284 446
284 493
285 285
285 291
285 320
285 350
285 359
285 422
285 455
285 457
285 483
285 486
285 491
286 286
286 290
286 305
286 323
286 400
286 423
286 444
286 473
286 480
286 491
287 287
287 304
287 339
287 392
287 409
287 412
287 442
287 455
287 465
287 482
287 484
288 288
288 299
288 302
288 305
288 338
288 407
288 409
288 413
288 435
288 438
288 449
288 489
288 495
289 289
289 344
289 377
289 385
289 387
289 398
289 421
289 437
289 482
289 486
290 290
290 302
290 324
290 346
290 350
290 383
290 417
290 420
290 426
290 465
291 291
291 300
291 350
291 351
291 367
291 393
291 428
291 456
291 459
292 292
292 319
292 323
292 332
292 339
292 376
292 377
292 397
292 415
292 421
292 447
292 456
292 457
292 468
292 470
292 475
292 478
292 486
292 493
293 293
293 307
293 358
293 368
293 371
293 372
293 388
293 412
293 452
293 455
294 294
294 309
294 317
294 322
294 335
294 350
294 376
294 459
294 477
294 483
295 295
295 303
295 314
295 325
295 355
295 382
295 436
295 469
295 479
296 296
296 309
296 321
296 333
296 370
296 409
296 425
296 458
296 466
297 297
297 370
297 388
297 389
297 401
297 426
297 429
297 432
297 495
298 298
298 308
298 360
298 431
298 436
298 446
298 498
299 299
299 336
299 351
299 372
299 422
299 438
299 465
299 499
300 300
300 308
300 329
300 336
300 337
300 339
300 342
300 351
300 358
300 388
300 393
300 395
301 301
301 309
301 313
301 347
301 360
301 385
301 394
301 406
301 416
301 436
302 302
302 358
302 381
302 403
302 435
302 437
302 446
302 486
302 496
303 303
303 365
303 394
303 409
303 472
303 490
304 304
304 305
304 311
304 350
304 368
304 395
304 408
304 437
304 445
304 460
305 305
305 340
305 407
305 428
305 435
305 438
305 454
305 474
305 489
306 306
306 313
306 334
306 348
306 367
306 409
306 453
306 467
307 307
307 309
307 353
307 385
307 393
307 397
307 401
307 407
307 459
308 308
308 331
308 340
308 345
308 352
308 394
308 408
308 410
308 426
308 432
308 468
309 309
309 367
309 369
309 413
309 448
309 470
309 480
309 490
309 491
310 310
310 351
310 360
310 367
310 406
310 411
310 463
311 311
311 328
311 339
311 356
311 359
311 379
311 423
311 453
311 476
311 479
312 312
312 334
312 343
312 371
312 379
312 401
312 415
312 417
312 425
312 469
312 473
312 490
313 313
313 391
313 432
313 496
314 314
314 399
314 462
314 484
314 486
315 315
315 329
315 342
315 346
315 360
315 370
315 373
315 410
315 425
315 459
315 469
316 316
316 324
316 402
316 416
316 446
316 456
316 497
317 317
317 361
317 399
317 407
317 411
317 458
317 463
317 497
317 499
318 318
318 343
318 380
318 382
318 391
318 463
318 480
318 491
319 319
319 374
319 397
319 440
319 477
320 320
320 343
320 344
320 390
320 412
320 438
320 493
321 321
321 336
321 363
321 371
321 391
321 408
321 441
321 444
321 487
322 322
322 336
322 377
322 389
322 419
322 442
322 455
322 459
322 464
323 323
323 325
323 351
323 380
323 383
323 389
323 400
323 407
323 455
324 324
324 327
324 459
324 469
324 495
325 325
325 364
325 375
325 396
326 326
326 339
326 356
326 392
326 405
326 413
326 418
326 428
326 434
326 444
326 465
326 479
326 480
326 484
327 327
327 354
327 360
327 379
327 384
327 393
327 399
327 413
327 429
327 452
327 470
327 471
327 492
327 493
328 328
328 339
328 353
328 355
328 382
328 391
328 427
328 461
329 329
329 387
329 403
329 413
329 416
329 439
329 440
329 476
329 496
330 330
330 393
330 395
330 398
330 403
330 405
330 481
331 331
331 345
331 391
331 400
331 462
331 480
332 332
332 337
332 358
332 369
332 370
332 388
332 416
332 474
333 333
333 355
333 379
333 431
333 432
333 461
333 475
334 334
334 438
334 453
334 475
334 476
334 499
335 335
335 368
335 439
336 336
336 381
336 394
336 445
336 452
336 496
336 498
337 337
337 344
337 358
337 377
337 428
337 435
338 338
338 360
338 361
338 365
338 401
338 410
338 418
338 439
338 443
338 497
339 339
339 349
339 360
339 407
339 441
340 340
340 342
340 356
340 358
340 360
340 397
340 444
340 470
341 341
341 420
341 439
341 468
341 475
341 487
341 497
342 342
342 343
342 411
342 416
342 431
342 444
342 447
342 449
343 343
343 453
343 454
344 344
344 348
344 369
344 382
344 388
344 434
344 453
344 487
345 345
345 366
345 411
345 456
345 463
345 481
345 499
346 346
346 411
346 415
346 444
346 483
347 347
347 377
347 395
347 433
347 454
347 461
347 483
347 487
347 496
348 348
348 387
348 414
348 424
348 430
348 471
349 349
349 359
349 360
349 361
349 363
349 367
349 402
349 451
349 468
349 477
350 350
350 378
350 383
350 399
350 414
350 427
350 430
350 471
350 478
351 351
351 387
351 397
351 400
351 412
351 416
351 484
351 497
352 352
352 408
352 426
352 443
353 353
353 362
353 381
353 412
353 427
353 449
353 472
353 482
354 354
354 374
354 388
354 443
354 464
354 484
355 355
355 409
355 430
355 462
355 464
355 471
355 486
355 494
356 356
356 401
356 407
356 420
356 450
356 477
357 357
357 383
357 473
357 481
358 358
358 366
358 446
358 450
358 491
359 359
359 389
359 417
359 420
359 443
359 461
359 467
359 487
360 360
360 387
360 403
360 422
360 471
360 472
361 361
361 389
361 406
361 435
361 462
361 484
362 362
362 387
362 414
362 430
362 438
362 472
363 363
363 367
363 381
363 432
363 467
363 472
363 479
363 494
364 364
364 387
364 411
364 434
364 476
364 491
365 365
365 402
365 419
365 424
365 469
365 479
366 366
366 382
366 408
367 367
367 377
367 387
367 388
367 392
367 403
367 428
367 451
367 458
367 499
368 368
368 373
368 402
368 406
368 430
368 452
368 453
369 369
369 391
369 397
369 402
369 426
369 431
369 451
370 370
370 433
370 449
371 371
371 372
371 416
371 421
371 465
371 473
371 478
371 479
371 489
372 372
372 391
372 399
372 412
372 420
372 436
372 450
372 462
373 373
373 380
373 386
373 394
373 413
373 414
373 417
373 422
373 436
374 374
374 383
374 398
374 427
374 464
374 480
374 488
374 498
375 375
375 390
375 441
375 474
376 376
376 384
376 430
376 463
376 483
376 485
377 377
377 382
377 400
377 412
377 413
377 422
377 476
378 378
378 411
378 420
378 426
378 442
378 446
379 379
379 402
379 406
379 415
379 451
379 473
379 488
380 380
380 388
380 406
380 411
380 443
380 457
380 491
381 381
381 407
381 446
381 452
381 471
381 486
382 382
382 422
382 458
382 463
382 476
382 481
382 498
383 383
383 421
383 461
384 384
384 390
384 397
384 398
384 416
384 451
384 459
385 385
385 437
385 484
386 386
386 390
386 391
386 414
387 387
387 424
388 388
388 399
388 435
388 437
388 439
388 478
388 491
389 389
389 398
389 408
389 414
389 415
389 417
389 430
389 460
390 390
390 406
390 411
390 414
390 448
390 465
390 470
390 492
390 498
391 391
391 393
391 405
391 408
391 414
391 462
391 488
392 392
392 401
392 432
392 483
392 496
393 393
393 411
393 428
393 459
393 461
393 464
394 394
394 415
394 416
394 440
394 442
394 475
394 482
394 497
395 395
395 436
396 396
396 405
396 423
396 469
396 492
397 397
397 426
397 463
397 473
398 398
398 400
398 401
398 405
398 427
398 456
398 464
399 399
399 400
399 409
399 448
399 468
400 400
400 401
400 402
400 414
400 422
400 428
400 431
400 490
401 401
401 410
401 432
401 442
401 453
401 495
402 402
402 443
402 475
403 403
403 418
403 433
403 444
403 450
403 481
404 404
404 432
404 438
404 443
404 448
404 453
404 457
405 405
405 438
405 460
405 493
405 499
406 406
406 441
407 407
407 428
407 433
407 437
407 460
407 492
407 493
408 408
408 442
408 447
408 478
409 409
409 412
409 427
409 438
409 462
409 489
409 493
410 410
410 415
410 422
410 427
411 411
411 415
411 425
411 441
411 449
411 466
412 412
412 438
412 480
412 485
413 413
413 480
413 491
414 414
414 448
414 473
414 481
415 415
415 421
415 430
415 478
415 490
416 416
416 451
416 453
417 418
417 490
418 419
418 447
418 479
419 420
419 439
419 499
420 421
420 450
420 469
420 483
421 422
421 462
422 423
422 472
422 495
423 425
423 450
423 487
423 489
424 427
424 429
425 428
425 443
425 452
425 460
426 429
426 435
426 485
426 494
427 430
427 437
427 445
427 446
427 460
427 467
427 477
428 431
428 444
428 456
428 467
428 474
428 481
429 432
429 466
429 473
429 480
430 433
430 443
430 462
430 464
430 470
430 481
430 491
431 434
431 452
431 491
432 435
432 464
432 468
432 473
432 488
433 436
433 468
433 486
434 437
434 458
434 464
434 491
435 438
435 446
435 458
435 461
435 473
436 439
436 449
436 463
436 465
436 481
437 440
437 446
438 441
438 457
438 483
438 492
439 442
439 473
439 476
439 485
439 497
440 443
440 453
440 480
441 444
441 479
441 481
441 485
442 445
442 458
442 496
443 446
443 479
443 485
444 447
444 467
445 448
445 473
445 484
446 449
446 458
446 463
447 450
447 455
447 480
448 451
448 456
449 452
449 467
450 453
450 478
451 457
451 486
452 458
452 470
452 486
452 487
453 459
453 472
453 485
453 494
454 460
454 463
454 468
454 480
454 487
454 494
455 461
455 463
455 465
455 478
455 485
456 462
456 467
456 473
456 498
457 464
457 484
458 466
458 498
458 499
459 467
459 492
459 494
460 468
460 481
461 469
461 491
462 471
462 483
462 487
462 489
463 473
463 498
464 474
464 493
465 475
465 493
466 476
466 480
467 477
467 480
467 485
468 478
468 484
468 492
468 495
469 479
469 498
470 483
470 492
471 485
471 495
471 499
472 487
472 488
473 490
473 492
474 496
474 499
