%HyperDAG from a random DAG with expected number of edges 90, with uniform edge probabilities on all forward edges
24 30 109
0 1
1 1
2 1
3 1
4 1
5 1
6 1
7 1
8 1
9 1
10 1
11 1
12 1
13 1
14 1
15 1
16 1
17 1
18 1
19 1
20 1
21 1
22 1
23 1
0 0
1 0
2 0
3 0
4 0
5 0
6 0
7 0
8 0
9 1
10 0
11 4
12 0
13 4
14 0
15 3
16 0
17 3
18 0
19 2
20 4
21 4
22 0
23 5
24 4
25 5
26 4
27 8
28 5
29 4
0 0
0 6
0 19
0 21
0 23
0 25
0 27
0 28
1 1
1 21
1 24
1 25
1 29
2 2
2 3
2 5
2 17
2 27
3 3
3 24
4 4
4 9
4 13
4 15
4 16
4 29
5 5
5 7
5 9
5 11
5 13
5 15
5 23
5 24
5 26
5 27
5 28
6 6
6 10
6 11
6 13
6 15
6 17
6 19
6 20
6 23
6 24
7 7
7 11
7 20
8 8
8 11
8 14
8 23
9 9
9 12
9 20
10 10
10 11
10 13
10 19
10 25
11 11
11 13
11 17
11 18
11 27
11 29
12 12
12 15
12 21
12 28
13 13
13 21
13 29
14 14
14 17
14 22
14 25
14 26
15 15
15 26
15 27
15 28
16 16
16 20
16 28
17 18
17 21
17 23
17 27
18 19
18 20
18 27
18 28
19 20
19 24
19 25
19 26
20 21
20 23
21 22
21 25
22 23
22 26
22 27
22 29
23 26
23 27
