%HyperDAG from a random DAG with expected number of edges 600, with uniform edge probabilities on all forward edges
109 120 685
0 1
1 1
2 1
3 1
4 1
5 1
6 1
7 1
8 1
9 1
10 1
11 1
12 1
13 1
14 1
15 1
16 1
17 1
18 1
19 1
20 1
21 1
22 1
23 1
24 1
25 1
26 1
27 1
28 1
29 1
30 1
31 1
32 1
33 1
34 1
35 1
36 1
37 1
38 1
39 1
40 1
41 1
42 1
43 1
44 1
45 1
46 1
47 1
48 1
49 1
50 1
51 1
52 1
53 1
54 1
55 1
56 1
57 1
58 1
59 1
60 1
61 1
62 1
63 1
64 1
65 1
66 1
67 1
68 1
69 1
70 1
71 1
72 1
73 1
74 1
75 1
76 1
77 1
78 1
79 1
80 1
81 1
82 1
83 1
84 1
85 1
86 1
87 1
88 1
89 1
90 1
91 1
92 1
93 1
94 1
95 1
96 1
97 1
98 1
99 1
100 1
101 1
102 1
103 1
104 1
105 1
106 1
107 1
108 1
0 0
1 0
2 0
3 0
4 0
5 0
6 0
7 0
8 0
9 0
10 0
11 0
12 0
13 1
14 0
15 0
16 1
17 0
18 0
19 0
20 3
21 2
22 0
23 3
24 3
25 1
26 0
27 2
28 1
29 1
30 1
31 5
32 1
33 4
34 2
35 0
36 1
37 2
38 2
39 3
40 2
41 2
42 6
43 5
44 4
45 3
46 1
47 4
48 0
49 1
50 4
51 5
52 1
53 3
54 4
55 2
56 2
57 6
58 5
59 0
60 8
61 3
62 1
63 2
64 5
65 4
66 9
67 3
68 4
69 6
70 4
71 4
72 8
73 3
74 6
75 10
76 5
77 4
78 7
79 11
80 4
81 10
82 6
83 6
84 4
85 9
86 7
87 2
88 3
89 1
90 10
91 7
92 4
93 7
94 6
95 7
96 7
97 9
98 5
99 7
100 6
101 8
102 9
103 6
104 6
105 8
106 7
107 5
108 2
109 8
110 7
111 8
112 5
113 7
114 7
115 11
116 12
117 12
118 8
119 2
0 0
0 21
0 49
0 57
0 58
0 60
0 72
1 1
1 23
1 25
1 38
1 39
1 45
1 52
1 54
1 55
1 77
1 92
1 101
1 118
2 2
2 13
2 47
2 107
3 3
3 23
3 30
3 44
3 45
3 66
3 79
3 101
3 115
4 4
4 12
4 13
4 19
4 20
4 80
4 88
4 97
4 105
4 106
5 5
5 43
5 47
5 49
5 84
5 92
5 101
5 107
5 116
6 6
6 15
6 21
6 24
6 41
6 58
6 68
6 78
6 79
6 80
6 87
6 91
6 103
7 7
7 20
7 34
7 42
7 52
7 53
7 85
8 8
8 10
8 16
8 36
8 57
8 64
8 90
8 102
9 9
9 23
9 24
9 27
9 33
9 43
9 60
9 66
9 77
9 88
9 91
10 10
10 16
10 33
10 40
10 85
10 95
10 108
11 11
11 28
11 31
11 33
11 42
11 53
11 54
11 68
11 82
11 86
11 107
11 110
11 111
11 113
11 117
12 12
12 20
12 39
12 43
12 47
12 48
12 51
12 55
12 99
12 100
12 113
12 115
12 116
13 13
13 20
13 23
13 31
13 67
13 88
13 90
13 108
13 116
14 14
14 24
14 25
14 27
14 31
14 34
14 61
14 79
14 91
15 15
15 24
15 36
15 42
15 56
15 57
15 72
15 110
15 118
16 16
16 68
16 75
16 76
16 93
16 99
16 100
16 105
16 110
17 17
17 21
17 42
17 43
17 50
17 64
17 68
17 72
17 84
17 90
17 92
17 95
18 18
18 33
18 37
18 38
18 42
18 57
18 65
18 69
18 79
18 101
18 102
19 19
19 44
19 50
19 51
19 63
19 69
19 109
19 115
20 20
20 50
20 54
20 60
20 65
20 82
20 105
21 21
21 30
21 47
21 59
21 64
21 81
21 102
21 103
22 22
22 62
22 78
22 98
22 99
22 116
23 23
23 26
23 27
23 28
23 31
23 57
23 66
23 77
23 93
23 94
24 24
24 29
24 32
24 58
24 67
24 85
24 95
25 25
25 31
25 40
25 45
25 58
25 60
25 75
25 78
25 94
25 96
25 113
25 118
26 26
26 29
26 35
26 70
26 74
26 81
26 84
26 87
26 97
26 102
27 27
27 31
27 57
27 66
27 67
27 72
27 92
27 113
28 28
28 32
28 43
28 46
28 75
28 76
28 78
28 89
28 98
28 102
28 113
28 115
29 29
29 40
29 44
29 51
29 70
29 72
29 75
29 79
29 82
29 96
29 116
30 30
30 44
30 66
30 72
30 75
30 102
30 118
31 31
31 34
31 41
31 42
31 43
31 45
31 47
31 58
31 62
31 95
31 98
31 109
32 32
32 33
32 39
32 41
32 42
32 57
32 69
32 75
32 76
32 99
33 33
33 50
33 61
33 64
33 78
33 110
34 34
34 37
34 71
34 72
34 88
34 91
34 101
34 106
34 109
34 112
35 35
35 37
35 71
35 74
35 79
35 81
35 103
36 36
36 39
36 54
36 69
36 71
36 84
36 90
36 111
36 112
36 115
37 37
37 38
37 51
37 53
37 65
37 80
37 83
37 85
37 90
37 112
37 113
38 38
38 55
39 39
39 51
39 58
39 60
39 75
39 85
39 94
39 116
40 40
40 63
40 83
40 100
40 106
40 116
40 117
41 41
41 66
41 69
41 74
41 81
41 83
41 96
41 116
41 118
42 42
42 44
42 46
42 56
42 64
42 85
42 114
42 117
43 43
43 67
43 75
43 85
43 109
43 114
43 118
44 44
44 53
44 107
44 110
45 45
45 50
45 85
45 90
45 98
46 46
46 71
46 73
46 77
46 104
46 105
47 47
47 56
47 72
47 79
47 90
48 48
48 81
48 105
49 49
49 51
49 60
49 75
49 99
49 103
49 105
49 114
50 50
50 68
50 75
50 86
50 93
50 99
50 101
51 51
51 60
51 70
51 73
51 77
51 81
51 82
51 104
51 119
52 52
52 61
52 66
52 70
52 76
52 83
52 96
52 102
52 106
53 53
53 54
53 79
53 97
53 109
53 117
54 54
54 61
54 65
54 73
54 101
54 104
54 111
55 55
55 82
55 91
55 99
56 56
56 65
56 73
56 83
56 114
57 57
57 74
57 79
57 81
57 95
58 58
58 60
58 66
58 79
58 95
58 106
58 111
59 59
59 60
59 63
59 66
59 80
59 90
59 108
60 60
60 64
60 66
60 74
60 75
60 91
61 61
61 70
61 81
61 91
61 93
61 98
61 103
62 62
62 72
62 86
62 111
63 63
63 69
63 90
63 105
64 64
64 69
64 78
64 81
64 90
64 94
64 114
64 116
64 117
65 65
65 76
65 78
65 86
65 93
65 100
66 66
66 81
66 82
66 101
66 102
66 117
66 118
67 67
67 76
67 82
67 94
67 97
67 106
67 111
68 68
68 71
68 74
68 94
68 115
69 69
69 84
69 103
69 110
70 70
70 96
70 97
71 71
71 85
71 86
71 100
71 114
71 115
71 117
72 72
72 78
72 97
72 107
72 115
72 117
73 73
73 74
73 80
73 116
74 74
74 79
74 94
74 109
75 75
75 93
75 104
75 114
76 76
76 83
76 86
77 77
77 85
77 86
77 97
77 98
77 104
78 78
78 79
78 83
78 105
78 112
79 79
79 81
79 89
79 97
79 101
79 106
79 117
80 80
80 91
80 100
81 81
81 100
81 111
81 117
82 82
82 97
82 103
83 83
83 93
83 96
83 111
84 84
84 87
84 111
85 85
85 86
85 92
85 115
86 86
86 93
86 99
87 87
87 97
87 110
87 117
88 88
88 90
88 109
89 89
89 102
89 104
90 90
90 105
91 91
91 95
91 96
91 107
91 114
92 92
92 95
93 94
93 106
94 95
94 96
94 104
94 112
95 96
95 119
96 98
96 102
96 109
97 99
97 118
98 100
98 115
98 119
99 102
99 110
99 116
100 103
100 109
100 112
101 104
101 116
102 105
102 115
103 106
103 113
104 108
104 116
105 109
105 115
106 111
106 117
107 112
107 113
107 118
108 115
108 117
