%HyperDAG from a random DAG with expected number of edges 240, with uniform edge probabilities on all forward edges
53 60 284
0 1
1 1
2 1
3 1
4 1
5 1
6 1
7 1
8 1
9 1
10 1
11 1
12 1
13 1
14 1
15 1
16 1
17 1
18 1
19 1
20 1
21 1
22 1
23 1
24 1
25 1
26 1
27 1
28 1
29 1
30 1
31 1
32 1
33 1
34 1
35 1
36 1
37 1
38 1
39 1
40 1
41 1
42 1
43 1
44 1
45 1
46 1
47 1
48 1
49 1
50 1
51 1
52 1
0 0
1 0
2 0
3 0
4 0
5 0
6 0
7 0
8 0
9 1
10 2
11 2
12 0
13 0
14 0
15 1
16 2
17 0
18 0
19 1
20 2
21 2
22 1
23 0
24 2
25 0
26 3
27 0
28 3
29 1
30 3
31 3
32 1
33 6
34 0
35 2
36 4
37 5
38 3
39 7
40 6
41 9
42 6
43 7
44 2
45 8
46 5
47 4
48 8
49 10
50 4
51 8
52 10
53 2
54 5
55 9
56 7
57 5
58 6
59 4
0 0
0 21
0 27
0 28
0 49
0 52
0 57
0 58
1 1
1 2
1 14
2 2
2 6
2 7
2 22
2 26
2 28
2 38
2 39
2 41
2 42
2 48
2 53
2 55
2 57
2 58
3 3
3 15
3 24
3 39
3 48
3 57
4 4
4 10
4 22
4 40
4 44
4 45
4 56
5 5
5 11
5 46
6 6
6 9
6 10
6 15
6 41
6 45
6 48
6 55
6 56
7 7
7 9
7 10
7 11
7 16
7 32
7 33
7 45
7 54
8 8
8 16
8 30
8 42
8 43
8 49
8 50
9 10
9 11
9 16
9 19
9 28
9 36
9 37
10 11
10 33
10 40
10 44
10 46
11 12
11 20
11 31
11 34
11 36
11 40
11 42
11 51
11 57
12 13
12 20
12 32
12 33
12 38
12 41
12 58
13 14
13 30
13 40
13 50
13 51
13 52
13 59
14 15
14 19
14 20
14 24
14 31
14 36
14 39
14 43
14 49
14 59
15 16
15 17
15 21
15 30
15 31
15 39
15 41
15 43
15 49
15 50
15 54
16 17
16 26
16 40
16 52
16 54
17 18
17 35
17 41
17 49
17 53
18 19
18 21
18 33
18 39
18 42
18 49
18 52
19 20
19 36
19 48
19 49
20 21
20 26
20 29
20 40
20 41
20 42
20 45
20 51
21 22
21 24
21 31
21 37
21 41
21 47
21 58
22 23
22 26
22 33
22 36
22 49
23 24
23 35
23 52
23 58
23 59
24 25
24 39
25 26
25 33
25 37
25 47
25 52
26 27
26 28
26 29
26 41
26 55
26 56
26 59
27 28
27 30
27 39
27 47
27 48
27 50
27 51
28 29
28 35
28 49
28 52
28 53
28 55
28 57
29 30
29 45
29 48
29 49
29 51
29 55
30 31
30 37
30 42
30 43
30 56
31 32
31 33
31 37
31 38
31 41
31 45
31 56
32 33
32 37
33 34
33 38
33 39
33 50
33 51
33 52
33 54
33 55
34 35
34 41
34 44
34 52
35 36
35 40
35 42
36 37
36 43
37 38
37 43
37 45
37 58
38 39
38 43
38 51
38 54
39 40
39 43
39 45
39 46
39 48
39 52
39 55
40 41
40 46
41 42
41 45
41 47
41 48
42 43
42 49
43 44
43 46
44 45
44 46
44 47
44 57
45 46
45 56
46 47
46 48
46 56
47 48
47 51
48 49
48 55
48 56
48 58
49 50
49 51
50 51
50 52
50 54
50 55
51 52
51 55
52 53
52 59
