%HyperDAG from a random DAG with expected number of edges 2000, with uniform edge probabilities on all forward edges
235 250 2193
0 1
1 1
2 1
3 1
4 1
5 1
6 1
7 1
8 1
9 1
10 1
11 1
12 1
13 1
14 1
15 1
16 1
17 1
18 1
19 1
20 1
21 1
22 1
23 1
24 1
25 1
26 1
27 1
28 1
29 1
30 1
31 1
32 1
33 1
34 1
35 1
36 1
37 1
38 1
39 1
40 1
41 1
42 1
43 1
44 1
45 1
46 1
47 1
48 1
49 1
50 1
51 1
52 1
53 1
54 1
55 1
56 1
57 1
58 1
59 1
60 1
61 1
62 1
63 1
64 1
65 1
66 1
67 1
68 1
69 1
70 1
71 1
72 1
73 1
74 1
75 1
76 1
77 1
78 1
79 1
80 1
81 1
82 1
83 1
84 1
85 1
86 1
87 1
88 1
89 1
90 1
91 1
92 1
93 1
94 1
95 1
96 1
97 1
98 1
99 1
100 1
101 1
102 1
103 1
104 1
105 1
106 1
107 1
108 1
109 1
110 1
111 1
112 1
113 1
114 1
115 1
116 1
117 1
118 1
119 1
120 1
121 1
122 1
123 1
124 1
125 1
126 1
127 1
128 1
129 1
130 1
131 1
132 1
133 1
134 1
135 1
136 1
137 1
138 1
139 1
140 1
141 1
142 1
143 1
144 1
145 1
146 1
147 1
148 1
149 1
150 1
151 1
152 1
153 1
154 1
155 1
156 1
157 1
158 1
159 1
160 1
161 1
162 1
163 1
164 1
165 1
166 1
167 1
168 1
169 1
170 1
171 1
172 1
173 1
174 1
175 1
176 1
177 1
178 1
179 1
180 1
181 1
182 1
183 1
184 1
185 1
186 1
187 1
188 1
189 1
190 1
191 1
192 1
193 1
194 1
195 1
196 1
197 1
198 1
199 1
200 1
201 1
202 1
203 1
204 1
205 1
206 1
207 1
208 1
209 1
210 1
211 1
212 1
213 1
214 1
215 1
216 1
217 1
218 1
219 1
220 1
221 1
222 1
223 1
224 1
225 1
226 1
227 1
228 1
229 1
230 1
231 1
232 1
233 1
234 1
0 0
1 0
2 0
3 0
4 0
5 0
6 0
7 0
8 0
9 0
10 0
11 0
12 0
13 0
14 0
15 0
16 0
17 1
18 0
19 0
20 0
21 1
22 1
23 0
24 0
25 0
26 0
27 0
28 1
29 0
30 0
31 1
32 3
33 0
34 2
35 2
36 0
37 0
38 0
39 0
40 1
41 2
42 0
43 1
44 2
45 2
46 2
47 2
48 3
49 3
50 1
51 0
52 2
53 1
54 2
55 3
56 6
57 3
58 1
59 4
60 3
61 3
62 4
63 2
64 6
65 1
66 3
67 3
68 5
69 0
70 2
71 8
72 6
73 7
74 3
75 0
76 4
77 6
78 5
79 5
80 4
81 6
82 0
83 5
84 8
85 10
86 3
87 6
88 4
89 3
90 3
91 4
92 5
93 4
94 8
95 8
96 2
97 3
98 9
99 4
100 4
101 5
102 6
103 5
104 3
105 7
106 8
107 5
108 6
109 7
110 4
111 6
112 5
113 8
114 5
115 6
116 8
117 6
118 6
119 9
120 9
121 5
122 6
123 7
124 5
125 7
126 14
127 7
128 11
129 9
130 10
131 7
132 7
133 9
134 6
135 11
136 7
137 8
138 3
139 8
140 14
141 8
142 9
143 7
144 3
145 8
146 8
147 6
148 6
149 12
150 9
151 10
152 10
153 10
154 13
155 10
156 8
157 9
158 11
159 11
160 8
161 7
162 5
163 12
164 7
165 11
166 8
167 14
168 12
169 12
170 10
171 10
172 11
173 7
174 11
175 9
176 13
177 5
178 7
179 14
180 8
181 8
182 14
183 16
184 11
185 8
186 10
187 10
188 11
189 8
190 6
191 7
192 10
193 7
194 9
195 11
196 9
197 10
198 16
199 8
200 6
201 12
202 10
203 9
204 11
205 8
206 9
207 10
208 15
209 11
210 9
211 7
212 8
213 12
214 9
215 16
216 14
217 11
218 7
219 17
220 14
221 11
222 18
223 11
224 13
225 10
226 14
227 19
228 18
229 17
230 13
231 12
232 12
233 11
234 16
235 18
236 18
237 16
238 18
239 13
240 13
241 11
242 16
243 15
244 14
245 14
246 19
247 14
248 15
249 21
0 0
0 21
0 57
0 58
0 60
0 72
0 143
0 163
0 170
0 173
0 195
0 236
0 248
1 1
1 34
1 126
1 133
1 147
1 148
1 182
1 204
1 218
1 230
1 231
1 237
1 238
2 2
2 51
2 59
2 68
2 76
2 128
2 132
2 134
2 169
2 186
2 192
2 201
2 213
2 219
2 222
2 239
3 3
3 10
3 30
3 31
3 32
3 43
3 55
3 98
3 106
3 116
3 117
3 149
3 185
3 232
3 239
4 4
4 20
4 32
4 63
4 64
4 67
4 100
4 106
4 117
4 128
4 131
4 165
4 182
4 189
4 234
4 244
5 5
5 13
5 41
5 44
5 46
5 66
5 81
5 95
5 123
5 124
5 126
5 130
5 140
5 159
5 163
5 167
5 168
5 171
5 175
5 219
5 220
5 233
5 235
5 236
5 246
5 249
6 6
6 14
6 50
6 71
6 73
6 91
6 99
6 113
6 115
6 119
6 122
6 149
6 167
6 179
6 216
6 228
6 234
6 248
6 249
7 7
7 22
7 60
7 121
7 128
7 129
7 146
7 152
7 158
7 176
7 197
7 198
7 205
7 219
7 223
7 239
7 245
8 8
8 48
8 52
8 53
8 72
8 84
8 94
8 116
8 117
8 159
8 165
8 166
8 184
8 224
8 230
9 9
9 24
9 28
9 34
9 39
9 79
9 102
9 119
9 131
9 153
9 174
9 175
9 231
9 247
10 10
10 28
10 52
10 54
10 57
10 83
10 119
10 120
10 150
10 153
10 179
10 188
10 206
10 246
11 11
11 17
11 22
11 35
11 37
11 52
11 55
11 71
11 73
11 90
11 95
11 105
11 140
11 151
11 154
11 157
11 167
11 172
11 193
11 219
11 229
12 12
12 17
12 38
12 48
12 62
12 91
12 92
12 94
12 105
12 114
12 118
12 129
12 131
12 150
12 157
12 176
12 178
12 181
12 185
12 188
12 202
12 222
12 239
13 13
13 31
13 61
13 77
13 81
13 88
13 89
13 90
13 92
13 94
13 105
13 109
13 142
13 145
13 156
13 167
13 173
13 175
13 176
13 209
13 233
14 14
14 35
14 49
14 95
14 107
14 141
14 158
14 161
14 171
14 182
14 228
14 233
14 235
15 15
15 57
15 72
15 87
15 93
15 114
15 115
15 118
15 123
15 136
15 165
15 168
15 175
15 197
15 198
15 221
16 16
16 71
16 73
16 88
16 98
16 107
16 129
16 175
16 208
16 209
16 236
16 239
16 244
17 17
17 21
17 34
17 56
17 59
17 61
17 71
17 79
17 100
17 129
17 132
17 158
17 166
17 176
17 205
17 209
17 219
18 18
18 45
18 59
18 94
18 107
18 153
18 159
18 186
18 210
18 226
18 233
18 244
19 19
19 76
19 100
19 125
19 140
19 164
19 170
19 179
19 202
19 209
19 227
19 233
19 235
20 20
20 43
20 46
20 50
20 54
20 55
20 77
20 101
20 106
20 116
20 136
20 142
20 146
20 160
20 185
20 203
20 215
20 223
20 232
20 236
20 244
21 21
21 44
21 98
21 106
21 135
21 143
21 184
21 206
21 213
21 227
22 22
22 26
22 32
22 45
22 72
22 77
22 86
22 89
22 116
22 149
22 151
22 160
22 213
22 224
22 246
23 23
23 60
23 85
23 135
23 163
23 166
23 217
23 232
23 239
24 24
24 48
24 49
24 68
24 84
24 85
24 95
24 101
24 113
24 130
24 141
24 164
24 204
24 230
25 25
25 41
25 42
25 78
25 79
25 107
25 108
25 110
25 137
25 147
25 155
25 157
25 160
25 166
25 210
25 225
25 240
26 26
26 45
26 56
26 78
26 81
26 122
26 123
26 134
26 157
26 161
26 183
26 199
26 207
26 215
26 219
26 224
26 235
26 248
27 27
27 35
27 73
27 84
27 90
27 107
27 139
27 142
27 168
27 192
27 201
27 207
27 241
27 247
28 28
28 56
28 69
28 80
28 99
28 122
28 124
28 172
28 173
28 184
28 191
29 29
29 55
29 63
29 127
29 163
29 179
29 183
29 209
29 215
29 227
29 246
30 30
30 40
30 77
30 105
30 113
30 127
30 160
30 167
30 170
30 196
30 198
30 201
30 217
30 246
31 31
31 32
31 74
31 78
31 81
31 86
31 88
31 120
31 126
31 152
31 165
31 171
31 194
31 195
31 198
31 214
31 217
31 237
32 32
32 40
32 49
32 56
32 66
32 85
32 101
32 106
32 121
32 159
32 169
32 178
32 183
32 202
32 230
32 235
32 243
33 33
33 67
33 68
33 72
33 80
33 125
33 158
33 174
33 201
33 202
33 224
34 34
34 47
34 56
34 73
34 81
34 85
34 95
34 126
34 131
34 134
34 145
34 153
34 159
34 183
34 184
34 208
34 218
34 220
34 223
35 35
35 99
35 145
35 149
35 165
35 190
35 214
35 249
36 36
36 62
36 66
36 72
36 85
36 91
36 114
36 122
36 133
36 137
36 151
36 165
36 174
36 175
36 180
36 215
36 227
36 231
36 233
36 248
37 37
37 41
37 59
37 64
37 71
37 73
37 93
37 127
37 140
37 149
37 154
37 165
37 186
37 206
37 217
38 38
38 78
38 80
38 98
38 102
38 103
38 125
38 146
38 161
38 171
38 172
38 176
38 186
38 225
38 234
38 239
39 39
39 60
39 64
39 78
39 79
39 119
39 121
39 153
39 156
39 157
39 160
39 161
39 184
39 187
39 203
39 218
39 232
39 242
40 40
40 46
40 53
40 57
40 67
40 82
40 83
40 84
40 93
40 109
40 113
40 115
40 130
40 131
40 139
40 142
40 169
40 187
40 220
40 229
40 231
40 235
40 249
41 41
41 47
41 56
41 68
41 84
41 101
41 102
41 108
41 118
41 123
41 140
41 174
41 178
41 207
41 211
41 225
41 232
42 42
42 44
42 62
42 71
42 78
42 85
42 86
42 99
42 145
42 156
42 173
42 219
42 241
43 43
43 48
43 81
43 98
43 109
43 112
43 145
43 151
43 175
43 182
43 188
43 201
43 208
43 240
44 44
44 47
44 71
44 79
44 83
44 84
44 96
44 113
44 118
44 120
44 125
44 157
44 167
44 178
44 202
44 223
44 249
45 45
45 49
45 62
45 64
45 75
45 85
45 87
45 112
45 134
45 183
45 216
45 219
45 235
46 46
46 149
46 150
46 210
46 225
47 47
47 59
47 64
47 71
47 105
47 139
47 146
47 200
47 221
47 225
47 227
47 237
48 48
48 56
48 64
48 72
48 87
48 105
48 108
48 119
48 130
48 154
48 163
48 192
48 230
49 49
49 54
49 63
49 70
49 73
49 74
49 84
49 181
49 202
49 209
49 242
49 246
50 50
50 58
50 70
50 76
50 80
50 120
50 133
50 135
50 137
50 164
50 174
50 180
50 191
50 201
50 222
50 223
50 233
50 235
50 243
50 245
51 51
51 103
51 167
51 174
51 180
51 192
51 208
51 222
51 228
52 52
52 64
52 65
52 103
52 125
52 127
52 128
52 133
52 149
52 181
52 198
52 199
52 212
52 220
52 226
52 227
52 237
52 238
52 239
53 53
53 68
53 81
53 85
53 87
53 160
53 198
53 222
53 229
53 244
54 54
54 61
54 84
54 98
54 110
54 131
54 138
54 153
54 166
54 169
54 180
54 189
54 199
54 235
54 245
55 55
55 61
55 85
55 102
55 131
55 134
55 138
55 142
55 152
55 161
55 173
55 175
55 186
55 196
55 207
55 218
55 237
56 56
56 85
56 100
56 109
56 111
56 119
56 120
56 142
56 179
56 182
56 193
56 195
56 249
57 57
57 104
57 116
57 129
57 150
57 152
57 241
57 246
58 58
58 67
58 93
58 102
58 115
58 122
58 126
58 159
58 197
58 208
58 216
58 226
58 235
58 249
59 59
59 68
59 106
59 112
59 119
59 125
59 136
59 144
59 147
59 150
59 170
59 190
59 195
59 197
59 205
59 214
59 229
59 242
60 60
60 73
60 74
60 79
60 80
60 87
60 91
60 114
60 126
60 154
60 157
60 172
60 201
60 212
60 215
60 244
60 249
61 61
61 62
61 70
61 76
61 132
61 152
61 153
61 160
61 163
61 177
61 189
61 198
61 203
61 226
61 238
62 62
62 120
62 126
62 137
62 140
62 151
62 169
62 187
62 198
62 242
63 63
63 65
63 66
63 77
63 85
63 98
63 152
63 154
63 158
63 163
63 168
63 183
63 219
64 64
64 97
64 100
64 155
64 163
64 176
64 223
64 227
64 235
64 236
64 242
64 246
65 65
65 92
65 95
65 119
65 127
65 142
65 148
65 159
65 183
65 187
65 190
65 224
65 233
66 66
66 86
66 88
66 110
66 124
66 156
66 196
67 67
67 74
67 83
67 93
67 103
67 126
67 135
67 148
67 202
67 219
67 226
67 228
67 229
67 236
67 245
68 68
68 71
68 89
68 91
68 104
68 131
68 132
68 135
68 136
68 196
68 206
68 221
68 227
69 69
69 114
69 154
69 165
69 199
69 204
69 219
69 237
70 70
70 76
70 109
70 129
70 140
70 147
70 149
70 163
70 176
70 186
70 195
70 198
70 234
70 244
71 71
71 112
71 123
71 126
71 130
71 140
71 143
71 147
71 156
71 166
71 177
71 183
71 188
71 194
71 197
71 201
71 220
71 246
72 72
72 77
72 96
72 111
72 117
72 118
72 128
72 137
72 154
72 173
72 184
72 249
73 73
73 106
73 113
73 154
73 155
73 200
73 225
73 232
73 233
73 240
74 74
74 107
74 109
74 111
74 116
74 172
74 179
74 182
74 197
74 211
74 219
74 224
74 238
74 245
75 75
75 83
75 87
75 94
75 98
75 119
75 121
75 128
75 135
75 170
75 180
75 192
75 213
75 214
75 232
76 76
76 77
76 84
76 103
76 105
76 125
76 126
76 142
76 152
76 154
76 164
76 172
76 236
76 238
76 242
77 77
77 94
77 95
77 97
77 133
77 146
77 154
77 185
77 189
77 238
78 78
78 90
78 128
78 129
78 145
78 165
78 174
78 179
78 181
78 198
78 213
78 224
78 246
79 79
79 88
79 92
79 94
79 99
79 113
79 115
79 120
79 140
79 156
79 167
79 172
79 194
79 215
80 80
80 92
80 117
80 140
80 151
80 155
80 177
80 180
80 200
80 237
80 242
80 243
81 81
81 83
81 167
81 177
81 185
81 242
82 82
82 105
82 110
82 139
82 179
82 184
82 211
82 217
82 245
82 248
83 83
83 102
83 130
83 139
83 149
83 179
83 219
83 222
83 236
83 243
84 84
84 92
84 98
84 132
84 198
84 221
84 227
84 233
84 235
85 85
85 87
85 153
85 165
85 217
85 226
85 235
86 86
86 89
86 97
86 101
86 132
86 146
86 151
86 171
86 188
86 198
86 201
86 207
86 216
86 237
86 241
87 87
87 95
87 133
87 140
87 145
87 150
87 168
87 195
87 222
87 230
87 237
87 247
88 88
88 104
88 110
88 128
88 135
88 139
88 174
88 208
88 212
88 223
88 227
88 231
88 234
89 89
89 95
89 98
89 108
89 141
89 173
89 203
89 216
89 228
90 90
90 94
90 108
90 125
90 130
90 137
90 171
90 181
90 231
90 232
90 239
91 91
91 103
91 136
91 149
91 158
91 159
91 181
91 194
91 196
91 219
91 234
91 240
92 92
92 96
92 124
92 128
92 154
92 158
92 168
92 219
92 226
92 229
92 234
93 93
93 94
93 128
93 133
93 154
93 155
93 160
93 170
93 180
93 182
93 192
93 193
93 227
93 229
93 245
94 94
94 97
94 117
94 135
94 141
94 157
94 169
94 172
94 184
94 190
94 192
94 215
95 95
95 104
95 108
95 112
95 116
95 118
95 123
95 152
95 170
95 189
95 191
95 200
95 204
95 229
96 96
96 101
96 109
96 111
96 128
96 130
96 138
96 143
96 145
96 149
96 171
96 204
96 209
96 210
96 224
96 243
97 97
97 123
97 155
97 157
97 163
97 178
97 220
97 227
97 236
97 238
98 98
98 111
98 112
98 122
98 134
98 135
98 136
98 152
98 164
98 167
98 184
98 188
98 243
98 249
99 99
99 108
99 118
99 120
99 122
99 134
99 141
99 142
99 183
99 221
99 247
99 249
100 100
100 115
100 138
100 154
100 186
100 187
100 195
100 216
100 227
101 101
101 102
101 113
101 119
101 126
101 127
101 187
101 188
101 193
101 212
101 228
101 229
102 102
102 106
102 129
102 183
102 198
102 207
102 224
102 234
102 244
103 103
103 106
103 109
103 146
103 151
103 152
103 155
103 187
103 203
103 204
103 226
103 228
103 246
104 104
104 111
104 140
104 141
104 182
104 226
105 105
105 115
105 121
105 145
105 169
105 203
105 223
106 106
106 117
106 124
106 168
106 178
106 197
106 218
106 239
107 107
107 126
107 169
107 180
107 182
107 213
107 245
108 108
108 111
108 139
108 140
108 186
108 191
108 192
108 204
108 207
108 217
108 232
108 235
108 247
109 109
109 116
109 120
109 123
109 136
109 137
109 155
109 181
109 198
109 199
109 217
109 221
109 234
109 247
110 110
110 148
110 149
110 153
110 156
110 186
110 190
110 191
110 206
110 207
110 232
110 242
111 111
111 113
111 147
111 164
111 166
111 195
111 204
111 222
111 227
112 112
112 114
112 116
112 146
112 158
112 168
112 194
112 212
112 214
113 113
113 120
113 126
113 135
113 155
113 158
113 184
113 205
113 222
114 114
114 124
114 129
114 143
114 167
114 174
114 185
115 115
115 133
115 135
115 155
115 168
115 176
115 210
115 222
115 228
116 116
116 132
116 135
116 200
116 220
116 236
117 117
117 121
117 126
117 139
117 140
117 141
117 169
117 172
117 196
118 118
118 130
118 136
118 143
118 165
118 167
118 194
118 211
118 213
118 226
118 229
118 238
119 119
119 141
119 164
119 171
119 181
119 182
119 186
119 193
119 235
119 241
120 120
120 127
120 133
120 155
120 158
120 162
120 169
120 221
120 229
120 231
120 236
121 121
121 126
121 129
121 143
121 150
121 159
121 168
121 191
121 195
121 216
121 228
121 244
121 247
122 122
122 128
122 182
122 185
122 230
122 239
123 123
123 141
123 144
123 156
123 162
123 163
123 174
123 206
123 242
124 124
124 158
124 187
124 188
124 192
125 125
125 133
125 149
125 174
125 195
125 217
125 226
125 234
125 241
125 242
126 126
126 127
126 178
126 228
126 240
127 127
127 130
127 139
127 154
127 168
127 170
127 176
127 197
127 208
127 222
128 128
128 130
128 160
128 189
128 229
128 236
128 238
128 246
128 248
129 129
129 140
129 158
129 169
129 188
129 203
129 212
129 217
129 225
129 230
129 232
129 240
129 241
129 243
130 130
130 132
130 220
130 243
130 246
130 247
131 131
131 151
131 182
131 187
131 212
131 240
131 246
132 132
132 150
133 133
133 137
133 156
133 159
133 194
133 249
134 134
134 137
134 148
134 222
134 228
134 234
134 236
135 135
135 144
135 148
135 150
135 151
135 153
135 199
135 211
135 221
135 222
135 238
135 247
136 136
136 163
136 167
136 203
136 216
136 229
137 137
137 150
137 162
137 183
137 187
137 189
137 230
137 234
137 244
138 138
138 170
138 172
138 182
138 188
138 190
138 193
138 206
138 238
138 246
139 139
139 143
139 164
139 167
139 196
139 207
139 215
139 216
140 140
140 161
140 179
140 193
140 195
140 203
140 231
140 236
140 245
140 249
141 141
141 142
141 148
141 176
141 179
141 202
141 210
142 142
142 144
142 146
142 180
142 182
142 204
142 208
142 215
142 223
143 143
143 147
143 163
143 199
143 202
143 216
144 144
144 152
144 157
144 159
144 161
144 178
144 211
144 214
144 220
145 145
145 151
145 171
145 175
145 179
145 183
145 246
146 146
146 165
146 176
147 147
147 162
147 168
147 169
147 196
147 199
147 209
147 219
147 222
147 230
147 235
147 243
147 244
148 148
148 170
148 209
148 229
149 149
149 166
149 175
149 182
149 201
149 205
149 213
149 215
149 219
149 231
149 240
149 247
150 150
150 162
150 187
150 214
150 221
150 222
150 243
150 247
151 151
151 200
151 213
151 238
152 152
152 153
152 171
152 208
152 238
152 245
152 247
153 153
153 206
153 220
153 248
154 154
154 185
154 189
154 198
154 208
154 234
155 155
155 159
155 183
155 208
155 228
156 156
156 170
156 171
156 205
156 207
156 213
156 225
156 246
157 157
157 161
157 166
157 172
157 173
157 196
157 201
157 204
157 220
158 158
158 168
158 176
158 177
158 179
158 213
158 215
158 216
159 159
159 162
159 186
159 222
159 223
159 224
159 228
160 160
160 169
160 206
160 220
160 226
160 240
161 161
161 208
161 215
161 236
162 162
162 191
162 236
163 163
163 179
163 194
163 210
163 211
163 232
164 164
164 183
164 203
164 220
164 229
164 248
165 165
165 167
165 181
165 188
165 205
165 239
165 248
166 166
166 174
166 189
166 197
166 222
166 242
167 167
167 228
167 229
167 245
168 168
168 194
168 204
168 215
169 169
169 172
169 199
169 227
169 230
169 240
170 170
170 176
170 179
170 183
170 184
170 188
170 227
170 235
171 171
171 176
171 190
171 192
171 201
171 210
171 238
171 241
171 243
171 249
172 172
172 177
172 192
172 228
172 237
173 173
173 197
173 201
173 216
173 225
174 174
174 237
175 175
175 183
175 215
175 225
176 176
176 226
176 234
176 245
177 177
177 183
177 197
177 210
177 222
177 231
178 178
178 184
178 216
178 234
178 243
179 179
179 224
180 180
180 185
180 223
180 237
181 181
181 228
181 248
182 182
182 191
182 205
182 208
182 213
182 237
182 248
183 183
183 218
183 247
184 184
184 198
184 205
184 209
184 242
185 185
185 195
185 200
185 214
186 186
186 194
187 187
187 217
188 188
188 193
188 202
188 241
188 246
189 189
189 220
189 249
190 190
190 214
190 242
190 247
190 248
191 191
191 202
191 208
191 212
192 192
192 204
192 221
193 193
193 196
193 211
193 235
193 244
194 194
194 247
195 195
195 198
195 216
195 218
196 196
196 216
196 222
196 225
196 239
197 197
197 236
197 244
198 198
198 212
198 215
198 237
198 238
198 249
199 199
199 206
199 208
199 224
199 240
200 200
200 210
200 219
200 237
200 242
201 201
201 209
201 246
202 203
202 217
202 223
202 227
202 228
203 204
203 207
203 208
203 209
203 229
204 205
204 215
204 226
204 236
204 249
205 206
205 220
205 238
206 207
206 233
206 238
206 249
207 208
207 218
207 227
208 209
208 213
208 243
209 210
209 215
209 229
210 211
210 240
210 241
210 243
210 248
211 212
211 230
211 231
211 234
211 248
212 213
212 214
212 244
212 246
213 215
213 249
214 216
214 221
214 226
214 238
214 241
215 217
215 227
216 218
216 228
216 238
216 245
217 219
217 227
217 237
217 241
218 220
218 221
218 231
219 221
219 231
219 234
219 243
220 222
220 224
220 232
220 233
220 235
220 245
221 223
221 224
221 230
221 243
222 224
222 228
222 242
223 226
223 240
224 227
224 230
225 228
225 236
226 229
226 237
226 245
227 230
227 242
228 231
228 249
229 232
229 239
230 237
230 240
230 244
231 238
231 248
232 239
232 248
233 245
233 249
234 247
234 249
