%HyperDAG from a random DAG with fixed indegree 8.
%Each node is chosen as a source with probability 0.00
446 500 4410
0 1
1 1
2 1
3 1
4 1
5 1
6 1
7 1
8 1
9 1
10 1
11 1
12 1
13 1
14 1
15 1
16 1
17 1
18 1
19 1
20 1
21 1
22 1
23 1
24 1
25 1
26 1
27 1
28 1
29 1
30 1
31 1
32 1
33 1
34 1
35 1
36 1
37 1
38 1
39 1
40 1
41 1
42 1
43 1
44 1
45 1
46 1
47 1
48 1
49 1
50 1
51 1
52 1
53 1
54 1
55 1
56 1
57 1
58 1
59 1
60 1
61 1
62 1
63 1
64 1
65 1
66 1
67 1
68 1
69 1
70 1
71 1
72 1
73 1
74 1
75 1
76 1
77 1
78 1
79 1
80 1
81 1
82 1
83 1
84 1
85 1
86 1
87 1
88 1
89 1
90 1
91 1
92 1
93 1
94 1
95 1
96 1
97 1
98 1
99 1
100 1
101 1
102 1
103 1
104 1
105 1
106 1
107 1
108 1
109 1
110 1
111 1
112 1
113 1
114 1
115 1
116 1
117 1
118 1
119 1
120 1
121 1
122 1
123 1
124 1
125 1
126 1
127 1
128 1
129 1
130 1
131 1
132 1
133 1
134 1
135 1
136 1
137 1
138 1
139 1
140 1
141 1
142 1
143 1
144 1
145 1
146 1
147 1
148 1
149 1
150 1
151 1
152 1
153 1
154 1
155 1
156 1
157 1
158 1
159 1
160 1
161 1
162 1
163 1
164 1
165 1
166 1
167 1
168 1
169 1
170 1
171 1
172 1
173 1
174 1
175 1
176 1
177 1
178 1
179 1
180 1
181 1
182 1
183 1
184 1
185 1
186 1
187 1
188 1
189 1
190 1
191 1
192 1
193 1
194 1
195 1
196 1
197 1
198 1
199 1
200 1
201 1
202 1
203 1
204 1
205 1
206 1
207 1
208 1
209 1
210 1
211 1
212 1
213 1
214 1
215 1
216 1
217 1
218 1
219 1
220 1
221 1
222 1
223 1
224 1
225 1
226 1
227 1
228 1
229 1
230 1
231 1
232 1
233 1
234 1
235 1
236 1
237 1
238 1
239 1
240 1
241 1
242 1
243 1
244 1
245 1
246 1
247 1
248 1
249 1
250 1
251 1
252 1
253 1
254 1
255 1
256 1
257 1
258 1
259 1
260 1
261 1
262 1
263 1
264 1
265 1
266 1
267 1
268 1
269 1
270 1
271 1
272 1
273 1
274 1
275 1
276 1
277 1
278 1
279 1
280 1
281 1
282 1
283 1
284 1
285 1
286 1
287 1
288 1
289 1
290 1
291 1
292 1
293 1
294 1
295 1
296 1
297 1
298 1
299 1
300 1
301 1
302 1
303 1
304 1
305 1
306 1
307 1
308 1
309 1
310 1
311 1
312 1
313 1
314 1
315 1
316 1
317 1
318 1
319 1
320 1
321 1
322 1
323 1
324 1
325 1
326 1
327 1
328 1
329 1
330 1
331 1
332 1
333 1
334 1
335 1
336 1
337 1
338 1
339 1
340 1
341 1
342 1
343 1
344 1
345 1
346 1
347 1
348 1
349 1
350 1
351 1
352 1
353 1
354 1
355 1
356 1
357 1
358 1
359 1
360 1
361 1
362 1
363 1
364 1
365 1
366 1
367 1
368 1
369 1
370 1
371 1
372 1
373 1
374 1
375 1
376 1
377 1
378 1
379 1
380 1
381 1
382 1
383 1
384 1
385 1
386 1
387 1
388 1
389 1
390 1
391 1
392 1
393 1
394 1
395 1
396 1
397 1
398 1
399 1
400 1
401 1
402 1
403 1
404 1
405 1
406 1
407 1
408 1
409 1
410 1
411 1
412 1
413 1
414 1
415 1
416 1
417 1
418 1
419 1
420 1
421 1
422 1
423 1
424 1
425 1
426 1
427 1
428 1
429 1
430 1
431 1
432 1
433 1
434 1
435 1
436 1
437 1
438 1
439 1
440 1
441 1
442 1
443 1
444 1
445 1
0 0
1 0
2 1
3 2
4 3
5 4
6 5
7 6
8 7
9 7
10 7
11 7
12 7
13 7
14 7
15 7
16 7
17 7
18 7
19 7
20 7
21 7
22 7
23 7
24 7
25 7
26 7
27 7
28 7
29 7
30 7
31 7
32 7
33 7
34 7
35 7
36 7
37 7
38 7
39 7
40 7
41 7
42 7
43 7
44 7
45 7
46 7
47 7
48 7
49 7
50 7
51 7
52 7
53 7
54 7
55 7
56 7
57 7
58 7
59 7
60 7
61 7
62 7
63 7
64 7
65 7
66 7
67 7
68 7
69 7
70 7
71 7
72 7
73 7
74 7
75 7
76 7
77 7
78 7
79 7
80 7
81 7
82 7
83 7
84 7
85 7
86 7
87 7
88 7
89 7
90 7
91 7
92 7
93 7
94 7
95 7
96 7
97 7
98 7
99 7
100 7
101 7
102 7
103 7
104 7
105 7
106 7
107 7
108 7
109 7
110 7
111 7
112 7
113 7
114 7
115 7
116 7
117 7
118 7
119 7
120 7
121 7
122 7
123 7
124 7
125 7
126 7
127 7
128 7
129 7
130 7
131 7
132 7
133 7
134 7
135 7
136 7
137 7
138 7
139 7
140 7
141 7
142 7
143 7
144 7
145 7
146 7
147 7
148 7
149 7
150 7
151 7
152 7
153 7
154 7
155 7
156 7
157 7
158 7
159 7
160 7
161 7
162 7
163 7
164 7
165 7
166 7
167 7
168 7
169 7
170 7
171 7
172 7
173 7
174 7
175 7
176 7
177 7
178 7
179 7
180 7
181 7
182 7
183 7
184 7
185 7
186 7
187 7
188 7
189 7
190 7
191 7
192 7
193 7
194 7
195 7
196 7
197 7
198 7
199 7
200 7
201 7
202 7
203 7
204 7
205 7
206 7
207 7
208 7
209 7
210 7
211 7
212 7
213 7
214 7
215 7
216 7
217 7
218 7
219 7
220 7
221 7
222 7
223 7
224 7
225 7
226 7
227 7
228 7
229 7
230 7
231 7
232 7
233 7
234 7
235 7
236 7
237 7
238 7
239 7
240 7
241 7
242 7
243 7
244 7
245 7
246 7
247 7
248 7
249 7
250 7
251 7
252 7
253 7
254 7
255 7
256 7
257 7
258 7
259 7
260 7
261 7
262 7
263 7
264 7
265 7
266 7
267 7
268 7
269 7
270 7
271 7
272 7
273 7
274 7
275 7
276 7
277 7
278 7
279 7
280 7
281 7
282 7
283 7
284 7
285 7
286 7
287 7
288 7
289 7
290 7
291 7
292 7
293 7
294 7
295 7
296 7
297 7
298 7
299 7
300 7
301 7
302 7
303 7
304 7
305 7
306 7
307 7
308 7
309 7
310 7
311 7
312 7
313 7
314 7
315 7
316 7
317 7
318 7
319 7
320 7
321 7
322 7
323 7
324 7
325 7
326 7
327 7
328 7
329 7
330 7
331 7
332 7
333 7
334 7
335 7
336 7
337 7
338 7
339 7
340 7
341 7
342 7
343 7
344 7
345 7
346 7
347 7
348 7
349 7
350 7
351 7
352 7
353 7
354 7
355 7
356 7
357 7
358 7
359 7
360 7
361 7
362 7
363 7
364 7
365 7
366 7
367 7
368 7
369 7
370 7
371 7
372 7
373 7
374 7
375 7
376 7
377 7
378 7
379 7
380 7
381 7
382 7
383 7
384 7
385 7
386 7
387 7
388 7
389 7
390 7
391 7
392 7
393 7
394 7
395 7
396 7
397 7
398 7
399 7
400 7
401 7
402 7
403 7
404 7
405 7
406 7
407 7
408 7
409 7
410 7
411 7
412 7
413 7
414 7
415 7
416 7
417 7
418 7
419 7
420 7
421 7
422 7
423 7
424 7
425 7
426 7
427 7
428 7
429 7
430 7
431 7
432 7
433 7
434 7
435 7
436 7
437 7
438 7
439 7
440 7
441 7
442 7
443 7
444 7
445 7
446 7
447 7
448 7
449 7
450 7
451 7
452 7
453 7
454 7
455 7
456 7
457 7
458 7
459 7
460 7
461 7
462 7
463 7
464 7
465 7
466 7
467 7
468 7
469 7
470 7
471 7
472 7
473 7
474 7
475 7
476 7
477 7
478 7
479 7
480 7
481 7
482 7
483 7
484 7
485 7
486 7
487 7
488 7
489 7
490 7
491 7
492 7
493 7
494 7
495 7
496 7
497 7
498 7
499 7
0 0
0 1
0 2
0 3
0 4
0 5
0 6
0 7
0 8
0 9
0 10
0 11
0 16
0 20
0 26
0 31
0 32
0 41
0 47
0 49
0 52
0 57
0 64
0 70
0 73
0 82
0 86
0 87
0 101
0 141
0 296
0 299
0 493
1 1
1 2
1 3
1 4
1 5
1 6
1 7
1 8
1 9
1 10
1 11
1 12
1 13
1 14
1 19
1 20
1 23
1 24
1 25
1 27
1 28
1 29
1 30
1 31
1 32
1 33
1 40
1 43
1 44
1 48
1 50
1 53
1 61
1 62
1 71
1 75
1 77
1 109
1 162
1 168
1 179
1 212
1 217
1 241
1 263
2 2
2 3
2 4
2 5
2 6
2 7
2 8
2 9
2 10
2 11
2 12
2 13
2 14
2 15
2 25
2 26
2 28
2 30
2 35
2 37
2 38
2 42
2 45
2 65
2 85
2 86
2 89
2 124
2 135
2 137
2 158
2 166
2 177
2 246
2 262
2 270
2 342
2 410
2 432
2 490
3 3
3 4
3 5
3 6
3 7
3 8
3 9
3 11
3 14
3 15
3 16
3 17
3 18
3 21
3 22
3 24
3 29
3 30
3 34
3 41
3 45
3 56
3 60
3 72
3 79
3 83
3 85
3 93
3 99
3 121
3 147
3 153
3 162
3 203
3 224
3 267
3 280
3 337
3 341
4 4
4 5
4 6
4 7
4 8
4 9
4 13
4 15
4 16
4 17
4 21
4 22
4 26
4 28
4 31
4 34
4 35
4 36
4 39
4 41
4 42
4 47
4 53
4 70
4 77
4 80
4 86
4 92
4 100
4 101
4 103
4 105
4 125
4 126
4 130
4 132
4 181
4 199
4 265
4 272
4 324
4 330
4 403
5 5
5 6
5 7
5 8
5 10
5 11
5 12
5 13
5 15
5 17
5 21
5 22
5 23
5 36
5 40
5 47
5 65
5 72
5 81
5 86
5 90
5 103
5 128
5 150
5 177
5 180
5 233
5 248
5 324
5 347
5 416
5 444
6 6
6 7
6 8
6 9
6 10
6 12
6 14
6 16
6 18
6 19
6 22
6 24
6 26
6 27
6 32
6 33
6 36
6 44
6 49
6 59
6 64
6 68
6 69
6 70
6 72
6 108
6 120
6 195
6 215
6 267
6 287
6 302
6 320
6 345
6 422
6 453
6 459
7 7
7 8
7 9
7 10
7 11
7 12
7 13
7 14
7 16
7 17
7 18
7 19
7 20
7 21
7 27
7 30
7 37
7 51
7 54
7 61
7 96
7 178
7 193
7 198
7 233
7 264
7 280
7 294
7 300
7 304
7 345
7 448
7 464
7 472
7 486
8 8
8 9
8 10
8 11
8 14
8 15
8 17
8 20
8 30
8 31
8 38
8 56
8 63
8 71
8 76
8 114
8 130
8 132
8 139
8 158
8 188
8 190
8 211
8 220
8 259
8 276
8 299
8 403
8 452
9 9
9 10
9 12
9 13
9 18
9 23
9 24
9 26
9 34
9 35
9 36
9 41
9 46
9 50
9 56
9 60
9 63
9 76
9 84
9 91
9 107
9 110
9 119
9 140
9 143
9 155
9 169
9 170
9 191
9 212
9 230
9 266
9 312
9 363
9 398
9 413
9 416
9 429
9 447
9 471
10 10
10 11
10 12
10 13
10 14
10 15
10 16
10 19
10 20
10 21
10 28
10 29
10 50
10 60
10 70
10 86
10 100
10 101
10 117
10 196
10 199
10 213
10 234
10 258
10 264
10 276
10 336
10 388
10 419
10 475
11 11
11 12
11 13
11 16
11 20
11 22
11 23
11 25
11 26
11 47
11 51
11 58
11 63
11 67
11 79
11 81
11 90
11 99
11 110
11 114
11 136
11 178
11 183
11 217
11 238
11 259
11 279
11 401
11 410
11 418
11 482
12 12
12 15
12 17
12 19
12 21
12 33
12 37
12 38
12 46
12 47
12 50
12 52
12 60
12 62
12 79
12 92
12 99
12 108
12 145
12 181
12 235
12 268
12 317
13 13
13 14
13 15
13 18
13 19
13 22
13 23
13 28
13 35
13 36
13 42
13 44
13 46
13 55
13 56
13 66
13 72
13 75
13 99
13 112
13 113
13 130
13 179
13 194
13 209
13 235
13 281
13 352
13 386
13 447
14 14
14 16
14 17
14 18
14 22
14 25
14 28
14 31
14 32
14 33
14 38
14 41
14 44
14 48
14 59
14 67
14 68
14 71
14 93
14 96
14 136
14 153
14 174
14 256
14 259
14 284
14 307
14 344
14 379
14 421
14 474
15 15
15 18
15 23
15 24
15 25
15 27
15 37
15 38
15 39
15 46
15 55
15 56
15 61
15 83
15 90
15 94
15 116
15 152
15 174
15 192
15 194
15 225
15 227
15 248
15 327
15 330
15 361
15 372
16 16
16 17
16 19
16 24
16 25
16 27
16 28
16 30
16 32
16 35
16 47
16 56
16 65
16 74
16 78
16 83
16 85
16 110
16 126
16 160
16 192
16 210
16 346
16 470
16 493
17 17
17 18
17 20
17 31
17 33
17 39
17 45
17 49
17 58
17 66
17 73
17 80
17 114
17 116
17 121
17 123
17 143
17 148
17 173
17 225
17 240
17 279
17 305
17 349
17 438
17 468
17 494
18 18
18 19
18 20
18 25
18 26
18 27
18 28
18 29
18 30
18 31
18 33
18 38
18 39
18 44
18 46
18 52
18 54
18 69
18 87
18 176
18 209
18 256
18 258
18 288
18 307
18 338
18 343
18 387
18 467
18 491
19 19
19 21
19 23
19 34
19 39
19 40
19 60
19 65
19 70
19 77
19 80
19 83
19 90
19 102
19 137
19 156
19 170
19 174
19 224
19 240
19 265
19 364
19 377
19 495
20 20
20 21
20 22
20 24
20 26
20 29
20 40
20 42
20 43
20 48
20 51
20 61
20 69
20 78
20 82
20 86
20 92
20 97
20 103
20 108
20 148
20 155
20 181
20 184
20 187
20 257
20 258
20 324
20 370
20 457
21 21
21 29
21 32
21 36
21 53
21 54
21 83
21 90
21 99
21 106
21 111
21 126
21 134
21 150
21 160
21 182
21 194
21 207
21 247
21 264
21 268
21 296
21 310
22 22
22 23
22 24
22 27
22 30
22 43
22 54
22 58
22 68
22 69
22 72
22 78
22 84
22 125
22 145
22 180
22 215
22 248
22 323
22 377
22 424
23 23
23 25
23 29
23 31
23 34
23 40
23 53
23 63
23 64
23 69
23 79
23 86
23 122
23 126
23 139
23 161
23 165
23 172
23 175
23 188
23 192
23 286
23 304
23 370
23 380
23 404
23 424
24 24
24 35
24 47
24 52
24 59
24 61
24 63
24 67
24 75
24 80
24 119
24 123
24 128
24 196
24 288
24 289
24 319
24 328
24 370
24 396
24 447
24 464
24 483
25 25
25 44
25 45
25 46
25 57
25 71
25 72
25 75
25 84
25 110
25 115
25 130
25 170
25 197
25 216
25 250
25 262
25 339
25 372
25 468
26 26
26 27
26 29
26 33
26 34
26 37
26 39
26 43
26 48
26 52
26 58
26 67
26 88
26 96
26 101
26 102
26 107
26 170
26 182
26 189
26 215
26 250
26 270
26 287
26 306
26 356
26 377
26 427
26 464
26 494
27 27
27 32
27 34
27 35
27 40
27 45
27 46
27 49
27 51
27 56
27 58
27 64
27 70
27 92
27 98
27 109
27 117
27 156
27 162
27 171
27 180
27 196
27 201
27 281
27 294
27 310
27 351
27 380
27 423
27 445
28 28
28 32
28 36
28 49
28 53
28 63
28 74
28 82
28 101
28 128
28 157
28 165
28 190
28 273
28 294
28 313
28 351
28 464
29 29
29 34
29 55
29 60
29 62
29 70
29 73
29 76
29 81
29 84
29 89
29 91
29 97
29 109
29 115
29 134
29 149
29 154
29 163
29 248
29 261
29 270
29 274
29 279
29 285
29 318
30 30
30 33
30 43
30 45
30 54
30 76
30 82
30 95
30 137
30 163
30 176
30 214
30 252
30 287
30 291
30 295
30 296
30 365
30 376
30 409
30 446
31 31
31 36
31 37
31 39
31 61
31 66
31 71
31 112
31 117
31 124
31 133
31 162
31 178
31 233
31 246
31 251
31 265
31 291
31 346
31 347
32 32
32 37
32 38
32 42
32 45
32 51
32 54
32 55
32 64
32 73
32 88
32 97
32 104
32 107
32 134
32 140
32 142
32 152
32 157
32 177
32 206
32 231
32 254
32 268
32 272
32 295
32 310
32 320
32 323
32 360
32 392
32 429
32 495
32 499
33 33
33 35
33 37
33 42
33 43
33 50
33 60
33 64
33 92
33 95
33 96
33 101
33 137
33 152
33 224
33 255
33 273
33 279
33 475
33 488
34 34
34 40
34 41
34 42
34 44
34 50
34 61
34 62
34 74
34 95
34 105
34 184
34 203
34 233
34 244
34 265
34 283
34 295
34 309
34 354
34 405
34 499
35 35
35 41
35 66
35 95
35 98
35 106
35 124
35 125
35 129
35 143
35 144
35 159
35 191
35 200
35 207
35 355
35 381
35 394
35 396
35 415
35 439
36 36
36 51
36 57
36 69
36 79
36 80
36 83
36 90
36 118
36 122
36 159
36 219
36 260
36 283
36 331
36 436
36 455
37 37
37 38
37 41
37 48
37 49
37 57
37 62
37 91
37 101
37 102
37 121
37 152
37 160
37 168
37 175
37 187
37 229
37 237
37 269
37 458
38 38
38 39
38 40
38 46
38 52
38 70
38 84
38 96
38 103
38 105
38 108
38 109
38 126
38 149
38 169
38 184
38 196
38 204
38 206
38 229
38 231
38 234
38 241
38 279
38 283
38 390
38 470
38 481
38 486
38 488
39 39
39 42
39 49
39 57
39 74
39 75
39 77
39 87
39 90
39 102
39 121
39 126
39 142
39 231
39 359
39 397
39 459
40 40
40 43
40 47
40 62
40 73
40 74
40 75
40 78
40 95
40 102
40 118
40 175
40 204
40 222
40 243
40 253
40 255
40 294
40 321
40 329
40 390
40 408
41 41
41 43
41 52
41 55
41 65
41 116
41 126
41 128
41 138
41 200
41 393
41 396
41 426
41 451
41 491
42 42
42 53
42 59
42 64
42 69
42 78
42 81
42 89
42 93
42 97
42 125
42 131
42 141
42 157
42 205
42 219
42 227
42 237
42 279
42 292
42 322
42 360
42 413
42 424
43 43
43 44
43 45
43 48
43 53
43 58
43 59
43 66
43 67
43 88
43 110
43 115
43 127
43 135
43 144
43 149
43 159
43 173
43 237
43 239
43 291
43 306
43 308
43 412
43 444
44 44
44 48
44 52
44 53
44 65
44 66
44 76
44 82
44 85
44 93
44 98
44 164
44 167
44 179
44 190
44 198
44 202
44 231
44 247
44 257
44 319
44 399
44 491
45 45
45 50
45 88
45 94
45 95
45 114
45 133
45 140
45 156
45 161
45 185
45 323
45 334
45 386
45 398
45 453
46 46
46 48
46 51
46 59
46 66
46 68
46 78
46 85
46 94
46 100
46 104
46 116
46 122
46 132
46 134
46 151
46 155
46 193
46 221
46 229
46 230
46 240
46 275
46 281
46 314
46 329
46 385
46 415
46 466
47 47
47 50
47 54
47 55
47 88
47 111
47 115
47 132
47 133
47 134
47 136
47 146
47 154
47 170
47 176
47 192
47 203
47 214
47 238
47 329
47 408
47 410
47 446
48 48
48 49
48 67
48 68
48 69
48 82
48 136
48 140
48 145
48 147
48 242
48 262
48 301
48 344
48 392
48 445
49 49
49 51
49 68
49 84
49 110
49 113
49 120
49 130
49 175
49 213
49 230
49 243
49 249
49 368
50 50
50 85
50 89
50 93
50 94
50 116
50 125
50 127
50 142
50 148
50 186
50 193
50 210
50 211
50 239
50 278
50 333
50 383
50 386
51 51
51 54
51 57
51 59
51 71
51 79
51 80
51 87
51 91
51 105
51 134
51 159
51 167
51 201
51 234
51 241
51 304
51 306
51 335
51 370
52 52
52 55
52 83
52 91
52 93
52 103
52 131
52 171
52 178
52 223
52 363
52 405
52 484
53 53
53 57
53 58
53 68
53 102
53 104
53 142
53 148
53 211
53 214
53 229
53 241
53 272
53 306
53 325
53 342
53 381
53 382
54 54
54 55
54 56
54 73
54 81
54 103
54 119
54 120
54 147
54 240
54 300
54 327
54 383
54 393
54 400
54 412
55 55
55 57
55 60
55 64
55 65
55 72
55 117
55 129
55 136
55 158
55 177
55 205
55 227
55 242
55 264
55 323
55 351
55 358
55 369
55 388
55 399
55 400
55 413
55 462
56 56
56 63
56 85
56 89
56 122
56 128
56 141
56 157
56 163
56 180
56 385
56 465
56 478
56 484
57 57
57 58
57 59
57 61
57 62
57 74
57 88
57 115
57 120
57 124
57 157
57 165
57 166
57 176
57 183
57 201
57 216
57 238
57 249
57 270
57 357
57 488
58 58
58 67
58 79
58 87
58 98
58 139
58 150
58 204
58 214
58 215
58 347
58 367
59 59
59 62
59 67
59 74
59 81
59 85
59 87
59 91
59 94
59 106
59 126
59 156
59 162
59 356
59 489
60 60
60 65
60 66
60 79
60 84
60 99
60 103
60 104
60 109
60 111
60 121
60 146
60 162
60 167
60 172
60 194
60 222
60 328
60 395
60 407
60 426
61 61
61 72
61 112
61 150
61 155
61 163
61 217
61 241
61 284
61 307
61 432
62 62
62 63
62 77
62 99
62 109
62 112
62 113
62 119
62 121
62 124
62 130
62 190
62 232
62 260
62 288
62 293
62 433
62 436
62 466
62 483
63 63
63 78
63 82
63 100
63 164
63 185
63 187
63 283
63 319
63 328
63 353
63 378
63 443
63 453
64 64
64 71
64 73
64 74
64 75
64 77
64 98
64 120
64 127
64 129
64 143
64 154
64 155
64 169
64 177
64 189
64 231
64 244
64 272
64 307
64 327
64 362
64 480
65 65
65 68
65 73
65 76
65 77
65 82
65 87
65 89
65 95
65 97
65 107
65 154
65 190
65 222
65 284
65 423
65 435
65 455
65 470
66 66
66 76
66 96
66 122
66 139
66 151
66 159
66 218
66 307
66 335
67 67
67 92
67 106
67 109
67 123
67 131
67 135
67 138
67 158
67 161
67 166
67 204
67 251
67 337
67 360
68 68
68 78
68 81
68 84
68 107
68 108
68 113
68 165
68 191
68 214
68 315
68 361
68 368
68 407
69 69
69 76
69 80
69 87
69 118
69 122
69 181
69 185
69 203
69 204
69 207
69 216
69 250
69 293
69 333
69 336
69 354
69 365
69 397
69 398
70 70
70 71
70 81
70 105
70 117
70 123
70 128
70 133
70 147
70 163
70 167
70 172
70 174
70 186
70 198
70 210
70 211
70 234
70 264
70 272
70 277
70 307
70 312
70 319
70 325
70 330
70 461
70 494
71 71
71 77
71 90
71 92
71 94
71 103
71 104
71 153
71 180
71 192
71 217
71 236
71 262
71 274
71 282
71 290
71 326
71 453
71 495
72 72
72 94
72 97
72 100
72 107
72 115
72 118
72 138
72 140
72 145
72 154
72 167
72 184
72 186
72 219
72 228
72 235
72 282
72 416
72 444
73 73
73 75
73 80
73 95
73 123
73 154
73 163
73 168
73 173
73 213
73 260
73 270
73 359
73 473
74 74
74 83
74 89
74 96
74 116
74 120
74 133
74 160
74 252
74 282
74 360
74 497
75 75
75 98
75 133
75 135
75 141
75 165
75 185
75 189
75 201
75 206
75 252
75 263
75 289
75 308
75 450
75 478
75 482
76 76
76 92
76 113
76 123
76 132
76 135
76 143
76 144
76 152
76 196
76 230
76 243
76 282
76 305
76 313
76 342
76 380
76 385
76 448
77 77
77 100
77 106
77 136
77 139
77 147
77 171
77 200
77 203
77 218
77 261
77 295
77 299
77 398
77 408
77 430
78 78
78 96
78 98
78 111
78 119
78 135
78 137
78 192
78 201
78 248
78 272
78 275
78 319
78 338
78 408
78 481
79 79
79 86
79 97
79 98
79 105
79 118
79 132
79 168
79 171
79 205
79 232
79 273
79 382
79 438
79 463
79 477
79 480
79 487
79 492
80 80
80 111
80 124
80 139
80 171
80 194
80 198
80 210
80 230
80 236
80 276
80 321
80 325
80 406
80 461
81 81
81 88
81 107
81 115
81 138
81 142
81 148
81 258
81 311
81 443
81 456
82 82
82 176
82 180
82 189
82 213
82 316
82 475
82 479
82 498
83 83
83 89
83 108
83 117
83 122
83 123
83 192
83 218
83 228
83 232
83 250
83 298
83 320
83 334
83 340
83 381
83 389
83 466
83 497
84 84
84 91
84 99
84 106
84 120
84 129
84 142
84 160
84 176
84 193
84 288
84 301
84 304
84 328
84 358
84 431
84 461
85 85
85 88
85 104
85 114
85 145
85 158
85 173
85 197
85 226
85 234
85 236
85 303
85 317
85 370
85 382
85 468
85 489
86 86
86 91
86 105
86 110
86 138
86 146
86 153
86 181
86 224
86 240
86 249
86 437
87 87
87 114
87 149
87 160
87 169
87 188
87 200
87 253
87 267
87 320
87 348
87 350
87 373
87 402
87 488
88 88
88 164
88 219
88 223
88 240
88 254
88 328
89 89
89 102
89 112
89 118
89 121
89 135
89 136
89 157
89 167
89 179
89 214
89 231
89 239
89 292
89 300
89 338
89 348
89 361
89 364
89 367
89 395
89 411
90 90
90 93
90 102
90 114
90 134
90 172
90 185
90 226
90 244
90 311
90 315
90 325
90 347
90 373
90 387
90 392
90 403
90 430
90 432
90 434
91 91
91 94
91 113
91 138
91 150
91 164
91 190
91 214
91 218
91 220
91 258
91 286
91 332
91 341
91 428
91 451
92 92
92 93
92 97
92 116
92 131
92 168
92 179
92 237
92 290
92 318
92 384
93 93
93 118
93 122
93 152
93 180
93 253
93 261
93 277
93 282
93 310
93 333
93 421
93 428
93 431
94 94
94 136
94 220
94 228
94 251
94 256
94 262
94 339
94 358
94 416
94 418
94 490
95 95
95 100
95 105
95 109
95 118
95 148
95 173
95 208
95 232
95 235
95 328
95 336
95 351
96 96
96 108
96 137
96 150
96 156
96 161
96 169
96 183
96 187
96 193
96 232
96 238
96 256
96 283
96 310
96 339
96 384
96 385
97 97
97 101
97 112
97 137
97 157
97 174
97 197
97 211
97 247
97 277
97 349
97 432
97 436
97 457
98 98
98 100
98 114
98 143
98 169
98 201
98 223
98 277
98 310
98 409
99 99
99 115
99 128
99 133
99 144
99 146
99 194
99 196
99 211
99 213
99 247
99 268
99 331
99 341
99 390
100 100
100 104
100 151
100 172
100 195
100 209
100 219
100 223
100 225
100 233
100 288
100 305
100 317
100 322
100 352
100 384
100 388
101 101
101 104
101 111
101 119
101 129
101 195
101 200
101 219
101 309
101 366
101 369
101 460
101 476
102 102
102 107
102 110
102 130
102 138
102 142
102 167
102 193
102 198
102 249
103 103
103 113
103 125
103 212
103 246
103 247
103 263
103 330
103 356
103 380
103 384
103 400
104 104
104 106
104 112
104 124
104 141
104 169
104 193
104 236
104 239
104 241
104 344
104 349
104 369
104 406
104 481
105 105
105 106
105 111
105 123
105 143
105 145
105 151
105 161
105 184
105 220
105 257
105 333
106 106
106 108
106 179
106 251
106 269
106 289
106 323
106 430
106 465
107 107
107 111
107 116
107 127
107 318
107 382
107 392
107 397
108 108
108 125
108 146
108 166
108 186
108 208
108 220
108 224
108 237
108 268
108 315
108 332
108 366
108 393
108 416
108 438
108 465
109 109
109 112
109 125
109 129
109 131
109 134
109 149
109 177
109 222
109 333
109 352
109 384
109 440
109 457
110 110
110 149
110 152
110 200
110 372
110 378
110 405
110 435
111 111
111 117
111 119
111 129
111 177
111 183
111 187
111 201
111 231
111 254
111 256
111 315
111 436
112 112
112 113
112 120
112 156
112 174
112 178
112 197
112 232
112 267
112 303
112 349
112 363
112 406
112 414
112 455
112 458
113 113
113 127
113 138
113 167
113 185
113 196
113 270
113 296
113 321
113 326
113 387
113 421
114 114
114 119
114 128
114 129
114 148
114 149
114 163
114 165
114 198
114 205
114 249
114 255
114 277
114 297
114 381
114 382
114 415
114 448
115 115
115 117
115 127
115 172
115 212
115 271
115 308
115 315
115 332
116 116
116 124
116 130
116 139
116 158
116 206
116 324
116 350
116 431
116 473
116 491
117 117
117 140
117 164
117 189
117 230
117 340
117 366
117 419
117 472
118 118
118 140
118 166
118 195
118 226
118 255
118 341
118 357
118 383
118 430
119 119
119 127
119 150
119 153
119 179
119 225
119 232
119 241
119 267
119 347
119 412
119 447
120 120
120 121
120 131
120 171
120 246
120 281
120 289
120 394
120 401
120 454
121 121
121 194
121 251
121 271
121 309
121 386
121 393
122 122
122 141
122 142
122 160
122 202
122 204
122 223
122 281
122 294
122 314
122 391
122 411
122 473
122 484
122 497
123 123
123 150
123 151
123 154
123 155
123 189
123 239
123 291
123 435
123 447
123 466
124 124
124 151
124 153
124 173
124 199
124 326
124 331
124 357
124 367
124 398
124 409
125 125
125 131
125 132
125 135
125 144
125 156
125 159
125 161
125 166
125 170
125 177
125 233
125 307
125 363
125 375
125 399
125 403
125 433
125 485
126 126
126 127
126 137
126 141
126 226
126 261
126 305
126 312
126 360
126 376
126 408
127 127
127 193
127 197
127 199
127 202
127 221
127 300
127 301
127 356
128 128
128 131
128 141
128 146
128 153
128 169
128 186
128 191
128 221
128 273
128 400
129 129
129 132
129 139
129 164
129 166
129 175
129 189
129 212
129 217
129 219
129 221
129 228
129 298
129 309
129 365
129 368
129 397
129 407
129 467
130 130
130 133
130 147
130 151
130 181
130 183
130 374
130 397
130 453
130 455
131 131
131 146
131 168
131 172
131 190
131 197
131 202
131 204
131 208
131 275
131 292
131 444
131 459
132 132
132 140
132 148
132 153
132 157
132 159
132 176
132 190
132 275
132 280
132 283
132 307
132 363
132 368
132 385
132 413
132 452
132 491
133 133
133 224
133 268
133 284
133 291
133 339
133 355
133 381
134 134
134 145
134 175
134 191
134 208
134 227
134 293
134 337
134 369
134 410
134 486
135 135
135 187
135 196
135 218
135 304
135 316
135 335
135 348
135 365
135 460
135 473
136 136
136 147
136 175
136 186
136 291
136 302
136 354
136 456
136 484
137 137
137 158
137 170
137 184
137 216
137 221
137 238
137 297
138 138
138 143
138 151
138 174
138 182
138 194
138 275
138 278
138 316
138 317
138 353
138 375
139 139
139 146
139 155
139 235
139 338
139 403
139 414
139 430
139 463
139 492
140 140
140 144
140 145
140 164
140 199
140 200
140 284
140 287
140 372
140 376
141 141
141 159
141 250
141 289
141 316
141 321
141 350
141 366
141 367
141 440
142 142
142 144
142 182
142 188
142 191
142 235
142 245
142 259
142 266
142 268
142 366
142 391
143 143
143 144
143 161
143 162
143 165
143 185
143 209
143 218
143 243
143 312
143 349
143 352
143 363
143 445
143 457
143 478
143 485
143 499
144 144
144 147
144 152
144 197
144 210
144 232
144 266
144 271
144 285
144 287
144 331
144 342
144 353
144 400
145 145
145 149
145 156
145 178
145 183
145 213
145 218
145 279
145 335
145 362
145 389
145 414
146 146
146 162
146 184
146 221
146 253
146 285
146 311
146 314
146 316
146 480
146 490
147 147
147 161
147 164
147 205
147 215
147 223
147 311
147 389
147 460
148 148
148 154
148 155
148 171
148 184
148 293
148 332
148 374
148 375
149 149
149 165
149 215
149 244
149 326
149 346
149 414
149 419
149 452
149 471
150 150
150 206
150 225
150 286
150 420
151 151
151 259
151 267
151 287
151 300
151 493
151 496
152 152
152 158
152 217
152 243
152 280
152 285
152 337
152 405
153 153
153 173
153 222
153 242
153 282
153 297
153 305
153 323
153 400
154 154
154 160
154 163
154 202
154 216
154 229
154 251
154 370
154 375
154 425
154 461
155 155
155 168
155 179
155 195
155 233
155 293
155 296
155 341
155 344
155 395
155 478
156 156
156 220
156 236
156 261
156 265
156 280
156 304
156 358
156 361
157 157
157 170
157 178
157 252
157 323
157 384
157 390
157 416
157 446
157 476
158 158
158 173
158 244
158 306
158 312
158 348
158 372
158 401
158 441
158 479
159 159
159 188
159 278
159 368
159 378
159 404
159 462
159 481
160 160
160 172
160 178
160 191
160 208
160 325
160 374
160 379
160 420
161 161
161 183
161 209
161 210
161 214
161 229
161 297
161 302
161 303
161 373
161 374
161 418
162 162
162 166
162 186
162 207
162 226
162 229
162 282
162 313
162 405
162 464
162 490
163 163
163 181
163 183
163 220
163 221
163 254
163 274
163 288
163 357
163 457
164 164
164 180
164 181
164 199
164 221
164 230
164 238
164 283
164 498
165 165
165 195
165 202
165 206
165 207
165 222
165 237
165 281
165 291
165 302
165 324
165 415
165 426
165 427
165 440
165 447
165 452
166 166
166 171
166 174
166 176
166 333
166 365
166 395
166 401
166 434
166 478
167 167
167 168
167 182
167 192
167 212
167 228
167 249
167 252
167 262
167 274
167 303
167 336
167 493
168 168
168 186
168 203
168 220
168 269
168 298
168 306
168 338
168 371
168 396
168 411
169 169
169 182
169 188
169 198
169 269
169 279
169 327
169 329
169 364
170 170
170 175
170 188
170 195
170 227
170 304
170 363
170 380
170 399
170 466
170 480
171 171
171 187
171 301
171 305
171 314
171 338
171 340
171 383
171 411
171 428
171 495
172 172
172 182
172 217
172 227
172 301
172 306
172 378
172 457
172 463
172 485
173 173
173 188
173 216
173 238
173 382
173 444
173 462
173 488
174 174
174 213
174 227
174 248
174 252
174 266
174 281
174 318
174 352
174 422
175 175
175 195
175 206
175 209
175 213
175 222
175 302
175 320
175 362
175 428
175 475
176 176
176 210
176 226
176 244
176 274
176 317
176 322
176 325
176 422
176 485
177 177
177 182
177 200
177 258
177 264
177 317
177 320
177 345
177 361
177 402
177 417
178 178
178 198
178 211
178 229
178 235
178 282
178 349
178 357
178 371
178 435
179 179
179 205
179 207
179 208
179 260
179 276
179 292
179 332
179 333
179 334
179 338
179 352
179 450
179 491
180 180
180 218
180 225
180 253
180 260
180 261
180 273
180 361
180 418
180 495
181 181
181 209
181 231
181 270
181 275
181 367
181 394
181 462
182 182
182 187
182 189
182 199
182 205
182 216
182 219
182 294
182 356
182 367
182 426
183 183
183 185
183 211
183 227
183 288
183 316
183 407
183 422
184 184
184 191
184 202
184 236
184 245
184 253
184 262
184 293
184 364
185 185
185 283
185 326
185 443
185 490
185 494
186 186
186 207
186 216
186 297
186 418
186 419
186 431
186 433
186 443
186 481
187 187
187 278
187 393
188 188
188 208
188 244
188 257
188 266
188 290
188 308
188 330
188 340
188 496
189 189
189 206
189 226
189 236
189 254
189 278
189 281
189 290
189 308
189 427
189 469
190 190
190 199
190 210
190 234
190 243
190 288
190 339
190 438
190 467
190 470
190 489
191 191
191 197
191 205
191 223
191 246
191 269
191 355
191 356
191 392
191 425
192 192
192 222
192 244
192 263
192 269
192 289
192 295
192 303
192 324
192 341
192 440
192 446
192 468
193 193
193 203
193 239
193 275
193 417
193 441
194 194
194 284
194 292
194 322
194 449
194 470
194 482
195 195
195 246
195 263
195 277
195 376
195 416
195 465
195 473
196 196
196 202
196 212
196 237
196 269
196 297
196 299
196 311
196 354
196 358
196 412
196 423
196 426
196 449
196 475
197 197
197 238
197 271
197 310
197 342
197 359
197 391
197 489
197 494
198 198
198 201
198 225
198 226
198 255
198 309
198 313
198 314
198 410
198 435
198 437
199 199
199 223
199 230
199 306
199 313
199 495
200 200
200 212
200 285
200 313
200 358
200 406
200 413
201 201
201 203
201 248
201 256
201 257
201 271
201 278
201 300
201 319
201 403
201 404
202 202
202 204
202 208
202 217
202 250
202 259
202 265
203 203
203 215
203 245
203 272
203 273
203 289
203 303
203 315
203 483
203 489
204 204
204 207
204 234
204 236
204 287
204 303
204 317
204 387
204 392
204 396
204 486
205 205
205 233
205 251
205 271
205 334
205 354
206 206
206 215
206 253
206 254
206 406
206 465
207 207
207 245
207 290
207 302
207 343
207 401
207 458
207 489
208 208
208 209
208 228
208 270
208 302
208 317
208 347
208 353
208 362
208 365
208 422
208 446
209 209
209 245
209 256
209 266
209 449
209 456
210 210
210 224
210 329
210 345
210 347
210 355
210 401
210 420
210 442
211 211
211 225
211 239
211 242
211 247
211 251
211 273
211 285
211 321
211 353
211 461
212 212
212 242
212 252
212 276
212 346
212 353
213 213
213 242
213 286
213 294
213 298
213 333
213 407
213 448
213 452
213 487
214 214
214 224
214 228
214 252
214 308
214 336
214 354
214 355
214 469
215 215
215 246
215 268
215 286
215 304
215 341
215 343
215 360
215 372
215 410
215 419
215 471
216 216
216 241
216 243
216 257
216 266
216 276
216 351
216 352
216 434
217 217
217 235
217 324
217 384
217 388
218 218
218 228
218 243
218 245
218 261
218 299
218 331
218 348
218 365
218 366
218 441
218 449
219 219
219 342
219 359
220 220
220 240
220 248
220 423
221 221
221 284
221 486
222 222
222 245
222 250
222 264
222 298
222 318
222 337
222 362
222 439
222 476
222 477
222 484
222 495
223 223
223 286
223 329
223 352
223 355
223 409
223 412
223 444
224 224
224 267
224 290
224 299
224 373
224 428
224 483
225 225
225 242
225 259
225 263
225 276
225 313
225 326
225 345
225 420
225 461
226 226
226 399
227 227
227 271
227 296
227 337
227 343
227 373
227 374
227 386
227 387
227 409
227 496
228 228
228 234
228 255
228 258
228 349
228 402
228 419
228 493
229 229
229 239
229 267
229 277
229 442
230 230
230 253
230 371
230 445
230 456
231 231
231 254
231 257
231 271
231 276
231 277
231 293
231 315
231 363
231 451
232 232
232 260
232 263
232 284
232 299
232 328
232 332
233 233
233 249
233 256
233 295
233 326
233 336
233 348
233 402
233 421
233 468
234 234
234 237
234 240
234 245
234 250
234 255
234 257
234 396
234 397
234 454
235 235
235 296
235 301
235 345
235 353
235 362
235 426
235 469
236 236
236 358
236 448
237 237
237 242
237 280
237 340
237 367
237 427
238 238
238 246
238 249
238 326
238 376
238 434
238 438
238 456
239 239
239 263
239 295
239 351
239 374
239 375
239 403
239 417
239 474
240 240
240 340
241 241
241 274
241 291
241 334
241 425
241 476
242 243
242 247
242 265
242 274
242 302
242 308
242 411
242 455
242 456
243 244
243 318
243 327
243 340
243 379
243 398
243 441
243 460
244 245
244 247
244 269
244 278
244 379
244 460
245 246
245 255
245 278
245 280
245 294
245 321
245 389
245 417
245 489
246 247
246 258
246 260
246 292
246 316
246 395
246 423
247 248
247 274
247 290
247 310
247 368
247 385
247 422
247 433
247 446
248 249
248 264
248 273
248 286
248 335
248 417
248 429
249 250
249 404
249 437
250 251
250 259
250 289
250 297
250 331
250 421
250 439
250 450
251 252
251 254
251 298
251 309
251 318
251 444
251 474
252 253
252 292
252 301
252 369
252 387
252 406
252 429
253 254
253 261
253 298
253 300
253 364
253 409
254 255
254 313
255 256
255 260
255 312
255 319
256 257
256 301
256 344
256 417
256 440
256 462
257 258
257 272
257 287
257 345
257 382
257 391
257 408
258 259
258 280
258 285
258 309
258 492
259 260
259 325
259 334
259 335
259 344
259 351
259 390
259 391
259 437
259 456
259 463
260 261
260 262
260 275
260 376
260 378
260 380
260 411
260 446
261 262
261 300
261 320
261 329
261 359
261 424
261 434
262 263
262 348
262 415
262 432
263 264
263 265
263 323
263 432
263 433
263 453
264 265
264 266
264 316
264 331
264 347
264 413
264 420
264 434
265 266
265 356
265 420
265 448
266 267
266 292
266 433
266 448
266 455
266 476
266 478
267 268
267 342
267 381
267 408
268 269
268 337
268 394
268 401
268 413
268 428
269 270
269 314
269 329
269 345
269 371
269 396
269 408
269 439
269 477
270 271
270 295
270 364
270 375
270 402
270 442
270 477
271 272
271 290
271 325
271 499
272 273
272 293
272 355
272 373
273 274
273 305
273 308
273 311
273 312
273 359
273 368
273 379
273 392
273 428
273 450
274 275
274 389
274 421
274 451
275 276
275 305
275 319
275 331
275 332
275 339
275 397
275 443
275 468
275 484
276 277
276 286
276 311
276 373
276 388
276 389
277 278
277 322
277 327
277 406
277 436
278 279
278 335
278 350
278 435
279 280
279 322
279 457
279 477
280 281
280 322
280 360
280 427
280 434
280 442
280 484
280 487
281 282
281 386
281 405
282 283
282 362
283 284
283 285
283 337
283 339
283 350
283 355
283 470
283 494
284 285
284 320
284 330
284 332
284 334
284 421
284 440
285 286
285 312
285 327
285 382
285 497
286 287
286 303
286 330
287 288
287 343
287 398
287 476
288 289
288 298
288 377
288 415
288 449
288 452
289 290
289 321
289 354
289 361
289 419
289 442
289 444
289 455
289 456
290 291
290 299
290 359
290 429
291 292
291 358
291 369
291 395
291 447
292 293
292 309
292 380
292 439
292 442
292 469
292 496
293 294
293 296
293 315
293 335
293 378
293 379
293 475
294 295
294 321
294 334
294 341
294 350
294 424
294 453
295 296
295 297
295 336
295 340
295 346
295 411
296 297
296 359
296 393
296 443
297 298
297 314
297 344
297 350
297 404
297 432
298 299
298 450
299 300
299 353
299 415
300 301
300 372
300 404
300 438
301 302
301 328
301 364
301 378
301 381
301 387
301 423
301 427
302 303
302 343
302 374
302 378
302 422
302 465
303 304
303 311
303 360
303 377
304 305
304 346
304 371
304 391
304 464
305 306
305 318
305 364
305 386
306 307
306 339
306 343
306 380
306 406
306 430
306 437
306 459
306 476
307 308
307 365
307 370
307 424
307 479
307 487
308 309
308 314
308 349
308 429
308 439
308 458
308 482
309 310
309 336
309 472
309 479
309 483
309 492
310 311
310 418
310 497
311 312
311 412
312 313
312 401
312 451
312 454
313 314
313 330
313 357
313 388
313 424
314 315
314 322
314 324
314 350
314 374
314 386
314 394
314 399
314 432
314 461
314 492
315 316
315 327
315 489
316 317
316 342
316 395
316 441
316 458
316 467
316 482
316 490
317 318
317 351
317 389
318 319
318 423
318 447
319 320
319 346
319 375
319 427
319 462
320 321
320 376
320 377
320 414
320 421
321 323
321 383
321 399
321 425
321 480
321 487
322 325
322 369
322 418
322 483
323 326
323 425
323 454
324 327
324 343
324 383
324 425
325 328
325 346
325 357
325 431
325 475
325 488
326 330
326 461
327 331
327 393
327 423
327 493
328 332
328 366
328 388
328 439
328 460
329 333
329 362
329 404
329 445
329 454
330 334
330 367
330 466
331 335
331 344
332 336
332 396
332 436
333 337
333 338
333 373
333 385
333 410
334 338
334 379
334 381
334 416
334 449
334 469
334 473
335 339
335 385
335 390
335 395
335 470
335 481
335 496
336 340
336 348
336 397
336 412
336 441
336 472
336 480
337 341
337 394
337 466
337 470
338 342
338 431
338 437
339 343
339 393
340 344
340 376
340 407
341 345
341 454
342 346
342 417
342 438
343 347
343 379
343 465
344 348
344 390
344 400
344 439
344 448
344 473
344 479
345 349
345 410
345 437
345 454
345 474
345 499
346 350
346 371
346 377
346 414
346 450
346 464
347 351
347 356
347 361
347 433
347 462
348 352
348 366
348 449
348 458
348 490
349 353
349 354
350 354
350 434
350 435
350 445
351 355
351 357
352 356
352 370
352 384
352 388
353 357
353 371
353 407
353 425
353 487
353 490
354 358
354 394
354 492
355 359
355 368
356 360
356 413
357 361
357 440
357 484
358 362
358 391
358 441
359 363
359 371
359 426
360 364
360 405
360 430
360 437
361 365
361 435
361 443
362 366
362 372
362 420
362 493
363 367
363 387
363 471
364 368
364 369
364 422
365 369
365 375
365 478
366 370
366 467
367 371
367 390
367 392
367 433
367 446
367 481
368 373
368 405
368 417
368 451
369 374
369 402
369 424
369 472
369 488
370 375
370 402
370 426
370 485
371 376
371 377
371 394
371 477
372 377
372 391
372 460
373 379
373 389
373 404
373 411
373 415
374 380
374 383
374 412
374 440
374 463
375 381
375 427
375 436
375 455
375 477
376 382
376 383
376 471
377 383
377 428
377 468
378 384
378 457
379 385
379 494
380 387
380 403
380 430
381 388
381 449
381 476
382 389
382 400
382 487
382 494
382 498
383 390
383 399
384 391
384 409
385 392
385 407
386 393
386 499
387 394
387 402
387 409
387 443
387 471
388 395
388 467
388 475
388 495
389 396
389 467
390 397
390 398
390 450
390 453
391 398
391 469
392 399
392 496
392 498
392 499
393 400
393 482
393 486
393 491
394 401
394 429
394 479
395 405
395 497
396 406
396 431
396 486
397 407
397 420
397 458
398 408
398 414
398 445
398 459
399 409
399 418
400 410
400 436
400 441
400 482
400 485
400 499
401 411
401 414
402 412
402 425
402 451
402 474
402 480
402 481
403 414
403 450
404 415
404 459
404 466
405 416
405 462
405 463
406 417
406 464
407 418
407 419
407 463
408 419
408 498
409 420
409 452
410 421
410 438
411 422
411 498
412 424
412 442
412 496
413 425
413 429
414 427
414 497
415 429
415 431
416 431
416 465
416 483
417 432
417 454
417 459
418 433
418 452
418 471
419 434
419 472
420 436
420 469
421 437
421 483
422 439
422 463
423 441
423 442
423 445
424 442
424 459
424 471
425 443
425 473
426 446
426 480
427 448
427 451
427 468
427 488
428 450
428 485
428 492
429 451
429 467
429 485
430 452
430 460
431 453
431 458
432 454
432 472
432 474
432 492
433 456
433 479
433 498
434 458
434 472
435 459
435 478
436 460
436 474
437 463
437 497
438 466
438 474
438 477
438 491
438 496
439 467
439 486
440 468
440 469
441 472
441 482
442 473
442 498
443 477
443 479
444 478
444 487
445 485
445 493
