%HyperDAG from a random DAG with fixed indegree 4.
%Each node is chosen as a source with probability 0.10
52 60 262
0 1
1 1
2 1
3 1
4 1
5 1
6 1
7 1
8 1
9 1
10 1
11 1
12 1
13 1
14 1
15 1
16 1
17 1
18 1
19 1
20 1
21 1
22 1
23 1
24 1
25 1
26 1
27 1
28 1
29 1
30 1
31 1
32 1
33 1
34 1
35 1
36 1
37 1
38 1
39 1
40 1
41 1
42 1
43 1
44 1
45 1
46 1
47 1
48 1
49 1
50 1
51 1
0 0
1 0
2 1
3 2
4 3
5 3
6 3
7 3
8 3
9 3
10 3
11 3
12 3
13 3
14 3
15 3
16 0
17 3
18 3
19 3
20 3
21 3
22 3
23 3
24 3
25 3
26 3
27 3
28 3
29 3
30 3
31 3
32 3
33 0
34 3
35 3
36 3
37 0
38 3
39 0
40 3
41 3
42 3
43 3
44 3
45 3
46 3
47 3
48 3
49 3
50 3
51 0
52 3
53 3
54 3
55 3
56 3
57 3
58 3
59 3
0 0
0 1
0 2
0 3
0 4
0 5
0 7
0 8
0 10
0 19
0 23
1 1
1 2
1 3
1 4
1 5
1 6
1 7
1 9
1 12
1 18
1 20
1 30
1 40
2 2
2 3
2 4
2 6
2 7
2 13
2 14
2 21
2 22
2 25
2 26
2 27
2 49
3 3
3 4
3 5
3 6
3 7
3 8
3 11
3 12
3 14
3 15
3 18
3 21
3 29
3 35
3 44
4 4
4 5
4 6
4 11
4 27
4 29
4 36
4 41
4 43
4 45
4 53
4 55
5 5
5 8
5 13
5 15
5 18
5 20
5 35
5 38
5 41
5 48
6 6
6 9
6 10
6 15
6 25
7 7
7 8
7 9
7 10
7 13
7 27
7 35
7 57
8 8
8 9
8 11
8 14
8 15
8 26
8 28
8 31
9 9
9 10
9 11
9 12
9 26
9 38
9 43
10 10
10 17
10 24
10 32
10 47
11 11
11 12
11 13
11 17
11 44
12 12
12 14
12 38
12 44
12 57
13 13
13 17
13 19
13 22
14 14
14 17
14 20
14 24
14 28
14 30
14 44
14 50
15 15
15 19
15 30
15 46
15 48
15 58
15 59
16 16
16 18
16 21
16 22
16 24
16 42
16 45
16 48
16 49
17 17
17 19
17 20
17 21
17 27
17 43
17 50
18 18
18 23
18 24
18 31
18 36
19 19
19 25
19 29
19 34
19 38
20 20
20 22
20 25
20 34
20 47
21 21
21 23
21 28
21 30
21 31
21 42
22 22
22 23
22 28
22 32
22 34
22 52
22 56
23 23
23 26
23 52
23 54
24 24
24 29
24 36
24 52
25 25
25 31
25 45
25 49
26 26
26 32
26 53
27 27
27 40
28 28
28 48
28 50
28 58
29 29
29 42
30 30
30 36
30 46
30 58
31 31
31 32
31 35
32 33
32 34
32 55
33 34
33 40
33 42
33 45
33 46
33 56
34 35
34 41
35 36
35 40
35 41
36 37
36 57
37 38
37 47
38 39
38 46
38 54
39 40
39 43
40 41
40 53
41 42
41 52
42 43
42 56
42 58
43 44
43 49
44 45
44 55
44 59
45 46
45 47
45 50
45 54
45 59
46 47
46 55
47 48
47 54
48 51
48 53
49 54
49 56
50 55
50 59
51 56
51 57
