%HyperDAG from a random DAG with fixed indegree 4.
%Each node is chosen as a source with probability 0.00
91 120 561
0 1
1 1
2 1
3 1
4 1
5 1
6 1
7 1
8 1
9 1
10 1
11 1
12 1
13 1
14 1
15 1
16 1
17 1
18 1
19 1
20 1
21 1
22 1
23 1
24 1
25 1
26 1
27 1
28 1
29 1
30 1
31 1
32 1
33 1
34 1
35 1
36 1
37 1
38 1
39 1
40 1
41 1
42 1
43 1
44 1
45 1
46 1
47 1
48 1
49 1
50 1
51 1
52 1
53 1
54 1
55 1
56 1
57 1
58 1
59 1
60 1
61 1
62 1
63 1
64 1
65 1
66 1
67 1
68 1
69 1
70 1
71 1
72 1
73 1
74 1
75 1
76 1
77 1
78 1
79 1
80 1
81 1
82 1
83 1
84 1
85 1
86 1
87 1
88 1
89 1
90 1
0 0
1 0
2 1
3 2
4 3
5 3
6 3
7 3
8 3
9 3
10 3
11 3
12 3
13 3
14 3
15 3
16 3
17 3
18 3
19 3
20 3
21 3
22 3
23 3
24 3
25 3
26 3
27 3
28 3
29 3
30 3
31 3
32 3
33 3
34 3
35 3
36 3
37 3
38 3
39 3
40 3
41 3
42 3
43 3
44 3
45 3
46 3
47 3
48 3
49 3
50 3
51 3
52 3
53 3
54 3
55 3
56 3
57 3
58 3
59 3
60 3
61 3
62 3
63 3
64 3
65 3
66 3
67 3
68 3
69 3
70 3
71 3
72 3
73 3
74 3
75 3
76 3
77 3
78 3
79 3
80 3
81 3
82 3
83 3
84 3
85 3
86 3
87 3
88 3
89 3
90 3
91 3
92 3
93 3
94 3
95 3
96 3
97 3
98 3
99 3
100 3
101 3
102 3
103 3
104 3
105 3
106 3
107 3
108 3
109 3
110 3
111 3
112 3
113 3
114 3
115 3
116 3
117 3
118 3
119 3
0 0
0 1
0 2
0 3
0 4
0 5
0 7
0 8
0 10
0 16
0 18
0 34
0 48
0 67
0 72
0 92
0 101
0 104
1 1
1 2
1 3
1 4
1 5
1 6
1 7
1 9
1 12
1 16
1 17
1 18
1 25
1 27
1 29
1 33
1 37
1 38
1 71
1 78
1 94
1 117
1 119
2 2
2 3
2 4
2 6
2 7
2 13
2 14
2 19
2 27
2 32
2 43
2 75
2 86
3 3
3 4
3 5
3 6
3 7
3 8
3 11
3 12
3 14
3 15
3 21
3 24
3 43
3 47
3 48
3 58
3 60
3 72
3 99
4 4
4 5
4 6
4 11
4 17
4 24
4 45
4 82
4 88
4 97
5 5
5 8
5 13
5 15
5 30
5 35
5 51
5 58
5 59
5 65
5 95
6 6
6 9
6 10
6 15
6 16
6 20
6 22
6 23
6 26
6 27
6 57
6 65
6 73
6 79
7 7
7 8
7 9
7 10
7 13
7 20
7 67
7 69
7 83
7 110
8 8
8 9
8 11
8 14
8 15
8 25
8 32
8 36
8 38
8 53
8 78
8 86
8 101
9 9
9 10
9 11
9 12
9 20
9 21
9 24
9 36
9 47
9 55
9 70
9 85
9 110
10 10
10 17
10 24
10 42
10 43
10 44
10 56
10 64
10 68
10 94
10 116
11 11
11 12
11 13
11 22
11 31
11 36
11 40
11 42
12 12
12 14
12 19
12 23
12 28
12 29
12 30
12 39
12 53
12 55
12 59
12 64
12 93
12 112
12 119
13 13
13 19
13 26
13 32
13 35
13 62
13 68
13 73
14 14
14 16
14 20
14 26
14 51
14 68
14 114
15 15
15 17
15 18
15 21
15 32
15 41
15 55
15 118
16 16
16 18
16 19
16 23
16 27
16 28
16 31
16 40
16 63
16 64
16 69
16 75
16 106
16 108
17 17
17 22
17 23
17 29
17 49
17 62
18 18
18 21
18 25
18 29
18 36
18 46
18 77
18 79
19 19
19 22
19 25
19 28
19 50
19 61
19 100
20 20
20 34
20 44
20 46
20 47
20 93
20 96
20 108
20 115
21 21
21 28
21 34
21 37
21 54
21 60
21 71
21 76
21 86
21 107
22 22
22 26
22 48
22 50
22 57
22 81
22 117
23 23
23 30
23 39
23 45
23 46
23 69
23 87
23 90
24 24
24 31
24 38
24 84
24 85
24 94
24 98
25 25
25 38
25 79
25 80
25 81
25 91
25 95
25 98
26 26
26 33
26 37
26 44
26 45
26 48
26 103
27 27
27 30
27 31
27 35
27 37
27 49
27 53
27 66
27 90
27 98
28 28
28 40
28 57
28 60
28 115
29 29
29 35
29 39
29 41
29 44
29 62
29 63
29 102
30 30
30 33
30 52
30 53
30 75
30 91
31 31
31 33
31 34
31 50
31 58
31 59
31 72
31 91
31 111
32 32
32 40
32 77
32 87
32 96
33 33
33 69
33 78
34 34
34 43
34 50
34 65
34 89
34 111
35 35
35 41
35 42
35 109
35 113
36 36
36 56
36 61
36 84
36 95
37 37
37 41
37 42
37 54
37 109
38 38
38 39
38 45
38 49
38 66
38 70
38 71
38 76
38 91
38 103
39 39
39 51
40 40
40 52
40 56
40 80
41 41
41 112
42 42
42 49
42 52
42 64
42 65
42 105
42 109
43 43
43 46
43 47
43 73
43 82
43 83
43 85
44 44
44 67
44 118
45 45
45 63
45 92
45 107
46 46
46 54
46 62
46 87
46 114
47 47
47 51
47 55
47 60
47 63
47 78
47 79
47 102
48 48
48 58
48 59
48 67
48 77
48 88
48 99
49 49
49 74
49 75
49 98
49 105
49 111
50 50
50 99
51 51
51 52
51 54
51 86
52 52
52 56
52 88
52 93
52 114
53 53
53 66
53 113
54 54
54 97
54 115
55 55
55 61
55 84
55 110
56 56
56 57
56 117
57 58
57 71
57 89
57 110
58 59
58 80
58 96
59 60
59 61
59 74
59 80
59 81
59 88
60 61
60 74
60 89
60 99
60 106
61 62
61 68
61 70
61 84
61 104
61 116
62 63
62 77
62 92
63 64
63 81
64 65
64 66
64 72
64 73
65 66
65 70
65 76
65 82
65 118
66 68
66 74
66 82
66 97
66 101
67 69
67 87
67 103
67 116
68 70
68 113
68 119
69 71
69 118
70 72
70 76
70 92
70 97
70 100
70 117
71 76
71 83
71 106
71 119
72 77
72 90
72 93
72 100
73 78
73 85
74 79
74 83
74 109
75 80
75 90
76 81
76 94
76 108
77 82
77 105
77 111
78 83
78 95
79 85
79 101
80 86
80 105
81 88
81 89
81 103
81 106
82 89
82 96
82 104
82 108
82 113
82 114
83 92
83 100
83 116
84 93
84 102
85 94
85 107
86 95
86 102
87 101
87 104
87 112
88 104
88 112
89 105
89 107
90 111
90 115
