%HyperDAG from a random DAG with fixed indegree 6.
%Each node is chosen as a source with probability 0.00
209 250 1688
0 1
1 1
2 1
3 1
4 1
5 1
6 1
7 1
8 1
9 1
10 1
11 1
12 1
13 1
14 1
15 1
16 1
17 1
18 1
19 1
20 1
21 1
22 1
23 1
24 1
25 1
26 1
27 1
28 1
29 1
30 1
31 1
32 1
33 1
34 1
35 1
36 1
37 1
38 1
39 1
40 1
41 1
42 1
43 1
44 1
45 1
46 1
47 1
48 1
49 1
50 1
51 1
52 1
53 1
54 1
55 1
56 1
57 1
58 1
59 1
60 1
61 1
62 1
63 1
64 1
65 1
66 1
67 1
68 1
69 1
70 1
71 1
72 1
73 1
74 1
75 1
76 1
77 1
78 1
79 1
80 1
81 1
82 1
83 1
84 1
85 1
86 1
87 1
88 1
89 1
90 1
91 1
92 1
93 1
94 1
95 1
96 1
97 1
98 1
99 1
100 1
101 1
102 1
103 1
104 1
105 1
106 1
107 1
108 1
109 1
110 1
111 1
112 1
113 1
114 1
115 1
116 1
117 1
118 1
119 1
120 1
121 1
122 1
123 1
124 1
125 1
126 1
127 1
128 1
129 1
130 1
131 1
132 1
133 1
134 1
135 1
136 1
137 1
138 1
139 1
140 1
141 1
142 1
143 1
144 1
145 1
146 1
147 1
148 1
149 1
150 1
151 1
152 1
153 1
154 1
155 1
156 1
157 1
158 1
159 1
160 1
161 1
162 1
163 1
164 1
165 1
166 1
167 1
168 1
169 1
170 1
171 1
172 1
173 1
174 1
175 1
176 1
177 1
178 1
179 1
180 1
181 1
182 1
183 1
184 1
185 1
186 1
187 1
188 1
189 1
190 1
191 1
192 1
193 1
194 1
195 1
196 1
197 1
198 1
199 1
200 1
201 1
202 1
203 1
204 1
205 1
206 1
207 1
208 1
0 0
1 0
2 1
3 2
4 3
5 4
6 5
7 5
8 5
9 5
10 5
11 5
12 5
13 5
14 5
15 5
16 5
17 5
18 5
19 5
20 5
21 5
22 5
23 5
24 5
25 5
26 5
27 5
28 5
29 5
30 5
31 5
32 5
33 5
34 5
35 5
36 5
37 5
38 5
39 5
40 5
41 5
42 5
43 5
44 5
45 5
46 5
47 5
48 5
49 5
50 5
51 5
52 5
53 5
54 5
55 5
56 5
57 5
58 5
59 5
60 5
61 5
62 5
63 5
64 5
65 5
66 5
67 5
68 5
69 5
70 5
71 5
72 5
73 5
74 5
75 5
76 5
77 5
78 5
79 5
80 5
81 5
82 5
83 5
84 5
85 5
86 5
87 5
88 5
89 5
90 5
91 5
92 5
93 5
94 5
95 5
96 5
97 5
98 5
99 5
100 5
101 5
102 5
103 5
104 5
105 5
106 5
107 5
108 5
109 5
110 5
111 5
112 5
113 5
114 5
115 5
116 5
117 5
118 5
119 5
120 5
121 5
122 5
123 5
124 5
125 5
126 5
127 5
128 5
129 5
130 5
131 5
132 5
133 5
134 5
135 5
136 5
137 5
138 5
139 5
140 5
141 5
142 5
143 5
144 5
145 5
146 5
147 5
148 5
149 5
150 5
151 5
152 5
153 5
154 5
155 5
156 5
157 5
158 5
159 5
160 5
161 5
162 5
163 5
164 5
165 5
166 5
167 5
168 5
169 5
170 5
171 5
172 5
173 5
174 5
175 5
176 5
177 5
178 5
179 5
180 5
181 5
182 5
183 5
184 5
185 5
186 5
187 5
188 5
189 5
190 5
191 5
192 5
193 5
194 5
195 5
196 5
197 5
198 5
199 5
200 5
201 5
202 5
203 5
204 5
205 5
206 5
207 5
208 5
209 5
210 5
211 5
212 5
213 5
214 5
215 5
216 5
217 5
218 5
219 5
220 5
221 5
222 5
223 5
224 5
225 5
226 5
227 5
228 5
229 5
230 5
231 5
232 5
233 5
234 5
235 5
236 5
237 5
238 5
239 5
240 5
241 5
242 5
243 5
244 5
245 5
246 5
247 5
248 5
249 5
0 0
0 1
0 2
0 3
0 4
0 5
0 6
0 7
0 8
0 9
0 10
0 14
0 16
0 17
0 18
0 26
0 29
0 32
0 36
0 38
0 44
0 49
0 51
0 70
0 90
0 100
0 106
0 121
0 128
0 145
0 163
0 191
0 204
0 210
0 211
0 215
0 248
1 1
1 2
1 3
1 4
1 5
1 6
1 7
1 8
1 10
1 12
1 13
1 25
1 28
1 31
1 35
1 41
1 42
1 43
1 44
1 52
1 59
1 79
1 82
1 87
1 89
1 112
1 129
1 132
1 155
2 2
2 3
2 4
2 5
2 6
2 7
2 8
2 9
2 10
2 11
2 13
2 15
2 19
2 22
2 24
2 28
2 29
2 34
2 38
2 40
2 190
2 213
2 229
3 3
3 4
3 5
3 6
3 7
3 8
3 9
3 10
3 11
3 12
3 16
3 22
3 23
3 25
3 31
3 33
3 51
3 52
3 64
3 91
3 95
3 110
3 126
3 144
3 194
3 209
3 221
3 236
4 4
4 5
4 6
4 7
4 8
4 11
4 14
4 15
4 16
4 23
4 27
4 30
4 33
4 44
4 48
4 70
4 90
4 93
4 97
4 139
4 149
4 194
4 213
5 5
5 6
5 7
5 9
5 12
5 14
5 15
5 16
5 17
5 19
5 26
5 31
5 35
5 36
5 41
5 48
5 56
5 64
5 68
5 72
5 88
5 104
5 110
5 112
5 155
5 165
5 178
5 192
5 205
5 224
5 236
5 246
6 6
6 8
6 11
6 12
6 13
6 18
6 32
6 37
6 51
6 62
6 66
6 69
6 81
6 90
6 125
6 147
6 156
6 181
6 220
7 7
7 9
7 10
7 13
7 14
7 20
7 22
7 23
7 24
7 30
7 37
7 43
7 47
7 58
7 64
7 82
7 106
7 155
8 8
8 9
8 10
8 11
8 13
8 14
8 17
8 19
8 30
8 37
8 39
8 51
8 65
8 66
8 70
8 76
8 106
8 119
8 124
8 217
8 240
9 9
9 11
9 12
9 18
9 19
9 24
9 27
9 42
9 46
9 48
9 60
9 65
9 78
9 86
9 99
9 105
9 107
9 117
9 144
10 10
10 12
10 14
10 15
10 20
10 21
10 25
10 28
10 30
10 31
10 36
10 37
10 46
10 48
10 74
10 78
10 84
10 115
10 134
10 198
10 231
11 11
11 17
11 24
11 32
11 38
11 43
11 46
11 47
11 56
11 58
11 76
11 95
11 128
11 130
11 162
11 165
11 179
11 197
11 227
11 228
11 247
12 12
12 13
12 15
12 16
12 18
12 20
12 21
12 22
12 25
12 33
12 36
12 75
12 77
12 84
12 96
12 120
12 176
12 222
13 13
13 15
13 17
13 18
13 19
13 26
13 41
13 44
13 45
13 46
13 48
13 53
13 54
13 60
13 62
13 75
13 91
13 96
13 111
13 122
13 124
13 182
13 200
13 216
14 14
14 17
14 18
14 20
14 21
14 23
14 28
14 30
14 45
14 49
14 56
14 64
14 71
14 80
14 87
14 90
14 110
14 132
14 152
14 165
14 193
14 227
15 15
15 16
15 21
15 27
15 29
15 35
15 47
15 69
15 78
15 89
15 154
15 166
15 178
15 181
15 230
16 16
16 31
16 33
16 35
16 37
16 93
16 139
16 161
17 17
17 20
17 21
17 27
17 28
17 29
17 52
17 59
17 67
17 72
17 94
17 121
17 140
17 148
17 162
17 164
17 184
18 18
18 19
18 21
18 22
18 28
18 31
18 34
18 42
18 67
18 85
18 108
18 113
18 124
18 126
18 144
18 158
18 180
18 242
19 19
19 20
19 23
19 25
19 30
19 36
19 38
19 66
19 68
19 72
19 92
19 97
19 102
19 111
19 117
19 138
19 139
19 190
19 228
20 20
20 23
20 27
20 39
20 50
20 51
20 56
20 61
20 67
20 70
20 71
20 100
20 108
20 109
20 112
20 118
21 21
21 22
21 24
21 26
21 32
21 35
21 41
21 52
21 54
21 63
21 64
21 80
21 89
21 112
21 122
21 136
21 137
21 156
21 187
21 198
21 202
21 221
22 22
22 26
22 87
22 98
22 103
22 104
22 137
22 165
22 242
22 248
23 23
23 24
23 27
23 35
23 39
23 49
23 50
23 52
23 53
23 62
23 74
23 82
23 85
23 96
23 121
23 125
23 134
23 171
23 184
24 24
24 25
24 40
24 45
24 47
24 56
24 57
24 67
24 74
24 75
24 81
24 126
24 145
24 147
24 234
25 25
25 26
25 29
25 33
25 34
25 38
25 39
25 43
25 58
25 65
25 84
25 88
25 123
25 132
25 135
25 161
25 176
26 26
26 29
26 55
26 71
26 87
26 103
26 155
26 159
26 201
26 215
26 244
27 27
27 65
27 80
27 94
27 97
27 115
27 137
27 208
27 217
28 28
28 39
28 40
28 43
28 45
28 80
28 83
28 86
28 135
28 176
29 29
29 32
29 34
29 50
29 54
29 79
29 85
29 97
29 102
29 154
29 180
29 186
29 197
29 206
29 226
30 30
30 32
30 33
30 34
30 40
30 89
30 93
30 98
30 101
30 119
30 168
30 195
31 31
31 38
31 42
31 43
31 49
31 50
31 59
31 70
31 71
31 83
31 87
31 101
31 103
31 113
31 129
31 152
31 224
32 32
32 46
32 47
32 49
32 58
32 73
32 77
32 84
32 126
32 137
32 213
32 220
33 33
33 34
33 36
33 37
33 58
33 68
33 83
33 94
33 113
33 141
33 144
33 187
34 34
34 39
34 40
34 54
34 69
34 73
34 76
34 98
34 103
34 150
34 151
35 35
35 41
35 60
35 63
35 75
35 115
35 141
35 196
35 234
35 235
35 247
36 36
36 47
36 50
36 61
36 63
36 64
36 71
36 79
36 91
36 95
36 120
36 127
36 136
36 153
36 207
36 228
36 231
37 37
37 44
37 51
37 55
37 72
37 88
37 91
37 92
37 94
37 104
37 111
37 129
37 135
37 147
37 189
37 203
37 218
38 38
38 40
38 41
38 44
38 48
38 54
38 57
38 69
38 96
38 116
38 145
38 146
38 232
38 246
39 39
39 42
39 45
39 52
39 57
39 73
39 91
39 100
39 106
39 114
39 126
39 145
39 203
39 233
40 40
40 53
40 57
40 58
40 60
40 73
40 140
40 149
40 160
40 188
40 214
40 236
41 41
41 42
41 45
41 49
41 99
41 104
41 116
41 130
41 194
41 223
42 42
42 46
42 50
42 53
42 59
42 61
42 79
42 152
42 183
42 228
42 230
43 43
43 53
43 62
43 84
43 90
43 107
43 113
43 120
43 126
43 162
43 184
43 187
43 210
43 231
44 44
44 55
44 68
44 81
44 93
44 135
44 166
44 206
45 45
45 61
45 77
45 92
45 96
45 131
45 138
45 141
45 154
45 173
45 188
45 224
45 244
46 46
46 53
46 55
46 59
46 65
46 82
46 88
46 102
46 118
46 121
46 130
46 133
46 197
46 207
47 47
47 57
47 67
47 132
47 133
47 139
47 168
47 233
48 48
48 55
48 215
49 49
49 74
49 81
49 110
49 174
49 182
50 50
50 54
50 56
50 74
50 78
50 96
50 110
50 125
50 155
50 243
51 51
51 57
51 60
51 63
51 77
51 83
51 86
51 107
51 123
51 164
51 167
51 180
52 52
52 59
52 79
52 86
52 97
52 98
52 152
52 187
53 53
53 79
53 146
53 161
53 173
53 198
53 212
54 54
54 55
54 63
54 65
54 69
54 70
54 72
54 104
54 120
54 173
54 193
54 236
54 242
55 55
55 60
55 66
55 78
55 89
55 102
55 106
55 148
55 153
55 169
55 171
55 240
56 56
56 62
56 66
56 68
56 92
56 123
56 169
56 208
56 221
56 223
57 57
57 74
57 78
57 88
57 95
57 102
57 108
57 144
57 151
57 189
58 58
58 61
58 62
58 63
58 89
58 100
58 109
58 111
58 163
58 177
58 188
58 211
58 219
59 59
59 61
59 111
59 125
59 130
59 217
59 242
60 60
60 71
60 81
60 82
60 107
60 143
60 153
60 172
60 185
60 199
60 220
60 225
61 61
61 92
61 120
61 160
61 218
61 224
61 233
61 236
62 62
62 66
62 85
62 131
62 151
62 158
62 211
63 63
63 88
63 101
63 105
63 119
63 123
63 128
63 242
63 247
64 64
64 67
64 87
64 93
64 154
64 159
64 172
64 174
64 192
64 205
64 246
65 65
65 69
65 76
65 80
65 108
65 141
65 177
65 206
65 216
65 235
66 66
66 92
66 116
66 131
66 142
66 227
67 67
67 68
67 73
67 86
67 101
67 114
67 124
67 143
67 147
67 150
67 160
68 68
68 80
68 84
68 100
68 107
68 127
68 139
68 141
68 161
68 164
68 175
68 214
69 69
69 76
69 77
69 97
69 109
69 114
69 135
69 137
69 158
69 176
69 226
70 70
70 76
70 114
70 123
70 160
71 71
71 72
71 75
71 77
71 98
71 109
71 117
71 129
71 136
71 149
71 163
71 209
71 215
71 219
72 72
72 73
72 75
72 99
72 140
72 161
72 166
72 179
72 187
73 73
73 140
73 159
73 175
73 185
73 203
73 231
73 239
74 74
74 85
74 134
74 185
74 202
75 75
75 139
75 143
75 146
75 149
75 174
76 76
76 82
76 103
76 107
76 173
76 185
76 243
77 77
77 83
77 90
77 132
77 150
77 208
77 235
78 78
78 98
78 113
78 163
78 220
78 228
78 241
79 79
79 81
79 83
79 91
79 115
79 122
79 136
79 199
79 200
79 233
80 80
80 128
80 134
80 145
80 148
80 202
80 240
81 81
81 101
81 142
82 82
82 94
82 99
82 118
82 213
83 83
83 85
83 101
83 117
83 201
84 84
84 86
84 95
84 99
84 121
84 128
84 138
84 165
84 183
85 85
85 192
85 225
86 86
86 187
86 230
87 87
87 99
87 112
87 119
87 123
87 133
87 193
87 214
88 88
88 95
88 103
88 196
89 89
89 93
89 112
89 117
89 160
89 180
89 186
89 216
90 90
90 94
90 104
90 106
90 118
90 124
90 216
91 91
91 170
91 181
91 214
92 92
92 108
92 137
92 169
92 177
92 211
92 218
93 93
93 116
93 127
93 149
93 153
93 156
93 235
94 94
94 116
94 127
94 131
94 183
95 95
95 102
95 117
95 197
95 205
96 96
96 105
96 156
96 159
96 168
96 184
96 191
96 207
96 219
96 232
97 97
97 109
97 134
97 143
97 166
97 193
97 209
98 98
98 125
98 136
98 166
98 178
98 212
99 99
99 100
99 105
99 128
99 130
99 140
99 142
99 179
99 200
99 208
99 222
100 100
100 157
100 167
100 190
101 101
101 118
101 127
101 162
101 167
101 190
102 102
102 114
102 121
102 185
102 215
102 233
102 238
103 103
103 105
103 109
103 110
103 122
103 124
103 158
103 171
103 194
103 232
104 104
104 105
104 108
104 118
104 119
104 141
104 150
104 220
104 223
104 238
105 105
105 132
106 106
106 114
106 116
106 119
106 150
106 167
106 169
107 107
107 115
107 131
107 138
107 157
107 176
107 195
107 200
108 108
108 111
108 142
108 170
108 186
108 191
108 238
108 247
109 109
109 113
109 122
109 152
109 201
109 231
109 245
110 110
110 129
110 140
110 149
110 151
110 154
110 166
110 167
110 190
110 210
111 111
111 135
111 146
111 174
111 175
111 195
112 112
112 120
112 133
112 161
112 170
112 201
112 230
112 234
113 113
113 115
113 148
113 211
113 232
113 237
113 240
113 246
114 114
114 125
114 174
114 205
114 210
115 115
115 145
115 162
115 193
115 196
115 202
116 116
116 144
116 169
116 186
116 226
116 237
117 117
117 131
117 151
117 210
117 249
118 118
118 136
118 168
118 212
119 119
119 129
119 147
119 153
119 160
119 188
119 235
119 245
120 120
120 122
120 130
120 165
120 206
121 121
121 138
121 195
121 209
122 122
122 127
122 134
122 138
122 189
122 223
123 123
123 178
123 218
124 124
124 154
124 176
125 125
125 133
125 156
125 182
126 126
126 147
126 157
126 191
126 196
126 206
126 219
126 225
127 127
127 150
127 164
127 171
127 175
127 211
127 225
127 229
127 236
128 128
128 133
128 156
128 221
128 234
129 129
129 178
129 188
129 212
129 213
130 130
130 143
130 157
130 182
130 203
131 133
131 142
131 244
131 247
132 134
132 151
132 167
132 170
132 249
133 135
133 146
133 170
133 209
133 221
133 223
133 239
134 136
134 142
134 172
134 207
135 137
135 148
135 159
135 221
136 138
136 146
136 157
136 163
136 194
136 201
136 231
137 139
137 179
137 183
138 140
138 181
138 194
138 204
138 212
139 141
139 155
139 173
139 177
139 203
139 214
139 222
140 142
140 143
140 178
140 180
140 183
140 186
141 143
141 186
141 201
141 208
142 144
142 168
142 170
142 196
142 240
143 145
143 158
143 171
143 190
143 204
143 220
143 248
144 146
144 148
144 164
144 173
144 199
144 218
145 147
145 164
146 148
146 158
146 175
146 191
146 235
147 149
147 153
147 168
147 177
147 195
147 196
147 222
147 237
148 150
148 181
149 151
149 152
149 200
149 207
149 208
149 212
149 227
150 152
150 171
151 153
151 157
151 159
151 188
151 189
151 199
151 200
152 154
152 217
153 155
153 163
153 237
153 243
154 157
154 192
154 203
155 158
155 162
155 215
155 234
156 159
156 189
157 160
157 169
157 172
157 181
157 192
157 204
157 210
158 161
158 189
159 162
159 224
159 243
160 163
160 172
160 246
160 249
161 164
161 179
161 182
161 197
162 165
162 204
162 222
163 166
163 172
163 174
163 179
163 204
163 219
163 226
163 244
164 167
164 175
165 168
165 182
165 183
165 192
166 169
166 239
167 170
167 177
167 202
168 171
168 238
169 172
169 184
169 185
169 193
170 173
170 180
170 184
170 232
170 249
171 174
171 216
171 229
171 249
172 175
172 213
172 243
173 176
173 195
173 225
174 178
174 199
175 179
175 244
175 245
176 180
176 230
176 245
176 248
177 182
177 227
178 183
178 229
178 234
179 184
179 223
180 185
180 198
180 216
180 219
180 241
181 187
181 191
181 198
181 205
181 229
182 189
182 222
183 190
183 199
183 209
184 192
184 217
185 193
185 198
186 196
186 197
186 228
186 238
187 197
187 202
187 245
188 199
188 227
189 200
189 238
189 239
190 201
190 206
190 214
191 202
191 205
191 207
191 242
192 204
192 226
192 243
193 211
193 245
194 212
194 217
194 225
194 237
194 241
195 213
195 248
195 249
196 214
196 218
196 246
197 215
197 233
197 241
198 216
198 226
198 247
199 218
199 230
199 239
200 220
200 229
201 221
201 239
202 222
202 241
203 223
203 224
204 229
204 248
205 231
205 232
206 234
206 237
206 240
207 236
207 244
208 238
208 241
