%HyperDAG from a random DAG with fixed indegree 5.
%Each node is chosen as a source with probability 0.20
25 30 145
0 1
1 1
2 1
3 1
4 1
5 1
6 1
7 1
8 1
9 1
10 1
11 1
12 1
13 1
14 1
15 1
16 1
17 1
18 1
19 1
20 1
21 1
22 1
23 1
24 1
0 0
1 0
2 1
3 2
4 3
5 4
6 0
7 4
8 4
9 0
10 4
11 4
12 4
13 4
14 4
15 4
16 4
17 4
18 4
19 4
20 4
21 4
22 4
23 4
24 4
25 4
26 4
27 0
28 4
29 4
0 0
0 1
0 2
0 3
0 4
0 5
0 8
0 11
0 13
0 15
0 18
0 21
0 22
0 29
1 1
1 2
1 3
1 4
1 5
1 7
1 10
1 12
1 23
1 26
1 28
2 2
2 3
2 4
2 5
2 7
2 11
2 14
2 21
2 25
3 3
3 4
3 5
3 7
3 8
3 10
3 12
3 13
3 18
3 19
3 25
4 4
4 5
4 7
4 8
4 10
4 11
4 12
4 17
4 29
5 5
5 7
5 8
5 14
5 16
5 17
5 26
6 6
6 12
6 14
6 17
6 20
6 24
6 26
6 28
7 7
7 8
7 13
7 20
8 8
8 10
8 11
8 14
8 15
8 17
8 28
9 9
9 10
9 13
9 15
9 16
9 20
9 21
9 23
9 26
10 10
10 11
10 15
10 19
11 11
11 12
11 13
11 16
11 23
11 24
12 12
12 14
12 16
12 18
12 21
12 29
13 13
13 15
13 17
13 18
13 19
14 14
14 16
14 19
14 20
14 21
14 28
15 15
15 18
15 26
15 29
16 16
16 19
16 20
17 17
17 22
17 23
17 24
18 18
18 22
19 20
19 22
19 23
19 24
19 25
20 21
20 22
20 25
21 23
21 24
22 24
22 25
23 25
23 28
24 27
24 29
