%HyperDAG model of naive implementation of 4 iterations of the conjugate gradient method.
%The probability for having a nonzero in any cell of matrix A is 0.40
321 333 947
0 1
1 1
2 1
3 1
4 1
5 1
6 1
7 1
8 1
9 1
10 1
11 1
12 1
13 1
14 1
15 1
16 1
17 1
18 1
19 1
20 1
21 1
22 1
23 1
24 1
25 1
26 1
27 1
28 1
29 1
30 1
31 1
32 1
33 1
34 1
35 1
36 1
37 1
38 1
39 1
40 1
41 1
42 1
43 1
44 1
45 1
46 1
47 1
48 1
49 1
50 1
51 1
52 1
53 1
54 1
55 1
56 1
57 1
58 1
59 1
60 1
61 1
62 1
63 1
64 1
65 1
66 1
67 1
68 1
69 1
70 1
71 1
72 1
73 1
74 1
75 1
76 1
77 1
78 1
79 1
80 1
81 1
82 1
83 1
84 1
85 1
86 1
87 1
88 1
89 1
90 1
91 1
92 1
93 1
94 1
95 1
96 1
97 1
98 1
99 1
100 1
101 1
102 1
103 1
104 1
105 1
106 1
107 1
108 1
109 1
110 1
111 1
112 1
113 1
114 1
115 1
116 1
117 1
118 1
119 1
120 1
121 1
122 1
123 1
124 1
125 1
126 1
127 1
128 1
129 1
130 1
131 1
132 1
133 1
134 1
135 1
136 1
137 1
138 1
139 1
140 1
141 1
142 1
143 1
144 1
145 1
146 1
147 1
148 1
149 1
150 1
151 1
152 1
153 1
154 1
155 1
156 1
157 1
158 1
159 1
160 1
161 1
162 1
163 1
164 1
165 1
166 1
167 1
168 1
169 1
170 1
171 1
172 1
173 1
174 1
175 1
176 1
177 1
178 1
179 1
180 1
181 1
182 1
183 1
184 1
185 1
186 1
187 1
188 1
189 1
190 1
191 1
192 1
193 1
194 1
195 1
196 1
197 1
198 1
199 1
200 1
201 1
202 1
203 1
204 1
205 1
206 1
207 1
208 1
209 1
210 1
211 1
212 1
213 1
214 1
215 1
216 1
217 1
218 1
219 1
220 1
221 1
222 1
223 1
224 1
225 1
226 1
227 1
228 1
229 1
230 1
231 1
232 1
233 1
234 1
235 1
236 1
237 1
238 1
239 1
240 1
241 1
242 1
243 1
244 1
245 1
246 1
247 1
248 1
249 1
250 1
251 1
252 1
253 1
254 1
255 1
256 1
257 1
258 1
259 1
260 1
261 1
262 1
263 1
264 1
265 1
266 1
267 1
268 1
269 1
270 1
271 1
272 1
273 1
274 1
275 1
276 1
277 1
278 1
279 1
280 1
281 1
282 1
283 1
284 1
285 1
286 1
287 1
288 1
289 1
290 1
291 1
292 1
293 1
294 1
295 1
296 1
297 1
298 1
299 1
300 1
301 1
302 1
303 1
304 1
305 1
306 1
307 1
308 1
309 1
310 1
311 1
312 1
313 1
314 1
315 1
316 1
317 1
318 1
319 1
320 1
0 0
1 0
2 0
3 0
4 0
5 0
6 0
7 0
8 0
9 0
10 0
11 0
12 0
13 0
14 0
15 0
16 0
17 0
18 0
19 0
20 1
21 1
22 1
23 1
24 1
25 1
26 1
27 1
28 1
29 1
30 1
31 1
32 1
33 1
34 1
35 1
36 0
37 3
38 3
39 0
40 0
41 0
42 0
43 0
44 0
45 0
46 1
47 1
48 1
49 1
50 1
51 1
52 0
53 0
54 0
55 0
56 0
57 0
58 0
59 0
60 0
61 0
62 0
63 0
64 5
65 1
66 1
67 1
68 1
69 1
70 1
71 1
72 1
73 1
74 1
75 1
76 1
77 1
78 1
79 1
80 1
81 0
82 3
83 3
84 0
85 1
86 1
87 1
88 1
89 1
90 1
91 5
92 1
93 1
94 1
95 1
96 1
97 1
98 1
99 1
100 1
101 1
102 1
103 1
104 1
105 1
106 1
107 1
108 1
109 1
110 1
111 1
112 1
113 1
114 1
115 1
116 1
117 0
118 0
119 0
120 0
121 0
122 0
123 5
124 1
125 1
126 1
127 1
128 1
129 1
130 1
131 1
132 1
133 1
134 1
135 1
136 1
137 1
138 1
139 1
140 1
141 1
142 1
143 1
144 1
145 1
146 1
147 1
148 1
149 1
150 1
151 1
152 1
153 0
154 3
155 3
156 0
157 1
158 1
159 1
160 1
161 1
162 1
163 5
164 1
165 1
166 1
167 1
168 1
169 1
170 1
171 1
172 1
173 1
174 1
175 1
176 1
177 1
178 1
179 1
180 1
181 1
182 1
183 1
184 1
185 1
186 1
187 1
188 1
189 0
190 0
191 0
192 0
193 0
194 0
195 5
196 1
197 1
198 1
199 1
200 1
201 1
202 1
203 1
204 1
205 1
206 1
207 1
208 1
209 1
210 1
211 1
212 1
213 1
214 1
215 1
216 1
217 1
218 1
219 1
220 1
221 1
222 1
223 1
224 1
225 0
226 3
227 3
228 0
229 1
230 1
231 1
232 1
233 1
234 1
235 5
236 1
237 1
238 1
239 1
240 1
241 1
242 1
243 1
244 1
245 1
246 1
247 1
248 1
249 1
250 1
251 1
252 1
253 1
254 1
255 1
256 1
257 1
258 1
259 1
260 1
261 0
262 0
263 0
264 0
265 0
266 0
267 5
268 1
269 1
270 1
271 1
272 1
273 1
274 1
275 1
276 1
277 1
278 1
279 1
280 1
281 1
282 1
283 1
284 1
285 1
286 1
287 1
288 1
289 1
290 1
291 1
292 1
293 1
294 1
295 1
296 1
297 0
298 3
299 3
300 0
301 1
302 1
303 1
304 1
305 1
306 1
307 5
308 1
309 1
310 1
311 1
312 1
313 1
314 1
315 1
316 1
317 1
318 1
319 1
320 1
321 1
322 1
323 1
324 1
325 1
326 1
327 1
328 1
329 1
330 1
331 1
332 1
0 0
0 20
0 65
0 137
0 209
0 281
1 1
1 21
1 66
1 138
1 210
1 282
2 2
2 22
2 67
2 139
2 211
2 283
3 3
3 23
3 68
3 140
3 212
3 284
4 4
4 24
4 69
4 141
4 213
4 285
5 5
5 25
5 70
5 142
5 214
5 286
6 6
6 26
6 71
6 143
6 215
6 287
7 7
7 27
7 72
7 144
7 216
7 288
8 8
8 28
8 73
8 145
8 217
8 289
9 9
9 29
9 74
9 146
9 218
9 290
10 10
10 30
10 75
10 147
10 219
10 291
11 11
11 31
11 76
11 148
11 220
11 292
12 12
12 32
12 77
12 149
12 221
12 293
13 13
13 33
13 78
13 150
13 222
13 294
14 14
14 22
14 24
14 25
14 29
14 99
15 15
15 20
15 100
16 16
16 23
16 26
16 30
16 101
17 17
17 27
17 31
17 33
17 102
18 18
18 28
18 103
19 19
19 21
19 32
19 104
20 20
20 34
21 21
21 34
22 22
22 35
23 23
23 35
24 24
24 36
25 25
25 37
26 26
26 37
27 27
27 37
28 28
28 37
29 29
29 38
30 30
30 38
31 31
31 38
32 32
32 38
33 33
33 39
34 34
34 46
35 35
35 47
36 36
36 48
37 37
37 49
38 38
38 50
39 39
39 51
40 40
40 46
41 41
41 47
42 42
42 48
43 43
43 49
44 44
44 50
45 45
45 51
46 46
46 52
46 58
46 111
47 47
47 53
47 59
47 112
48 48
48 54
48 60
48 113
49 49
49 55
49 61
49 114
50 50
50 56
50 62
50 115
51 51
51 57
51 63
51 116
52 52
52 67
52 69
52 70
52 74
52 85
52 93
52 125
53 53
53 65
53 86
53 94
53 126
54 54
54 68
54 71
54 75
54 87
54 95
54 127
55 55
55 72
55 76
55 78
55 88
55 96
55 128
56 56
56 73
56 89
56 97
56 129
57 57
57 66
57 77
57 90
57 98
57 130
58 58
58 64
59 59
59 64
60 60
60 64
61 61
61 64
62 62
62 64
63 63
63 64
64 64
64 92
64 124
65 65
65 79
66 66
66 79
67 67
67 80
68 68
68 80
69 69
69 81
70 70
70 82
71 71
71 82
72 72
72 82
73 73
73 82
74 74
74 83
75 75
75 83
76 76
76 83
77 77
77 83
78 78
78 84
79 79
79 85
79 105
80 80
80 86
80 106
81 81
81 87
81 107
82 82
82 88
82 108
83 83
83 89
83 109
84 84
84 90
84 110
85 85
85 91
86 86
86 91
87 87
87 91
88 88
88 91
89 89
89 91
90 90
90 91
91 91
91 92
92 92
92 93
92 94
92 95
92 96
92 97
92 98
92 105
92 106
92 107
92 108
92 109
92 110
93 93
93 99
94 94
94 100
95 95
95 101
96 96
96 102
97 97
97 103
98 98
98 104
99 99
99 171
100 100
100 172
101 101
101 173
102 102
102 174
103 103
103 175
104 104
104 176
105 105
105 111
106 106
106 112
107 107
107 113
108 108
108 114
109 109
109 115
110 110
110 116
111 111
111 117
111 131
111 183
112 112
112 118
112 132
112 184
113 113
113 119
113 133
113 185
114 114
114 120
114 134
114 186
115 115
115 121
115 135
115 187
116 116
116 122
116 136
116 188
117 117
117 123
118 118
118 123
119 119
119 123
120 120
120 123
121 121
121 123
122 122
122 123
123 123
123 124
123 164
123 196
124 124
124 125
124 126
124 127
124 128
124 129
124 130
125 125
125 131
126 126
126 132
127 127
127 133
128 128
128 134
129 129
129 135
130 130
130 136
131 131
131 139
131 141
131 142
131 146
131 157
131 165
131 197
132 132
132 137
132 158
132 166
132 198
133 133
133 140
133 143
133 147
133 159
133 167
133 199
134 134
134 144
134 148
134 150
134 160
134 168
134 200
135 135
135 145
135 161
135 169
135 201
136 136
136 138
136 149
136 162
136 170
136 202
137 137
137 151
138 138
138 151
139 139
139 152
140 140
140 152
141 141
141 153
142 142
142 154
143 143
143 154
144 144
144 154
145 145
145 154
146 146
146 155
147 147
147 155
148 148
148 155
149 149
149 155
150 150
150 156
151 151
151 157
151 177
152 152
152 158
152 178
153 153
153 159
153 179
154 154
154 160
154 180
155 155
155 161
155 181
156 156
156 162
156 182
157 157
157 163
158 158
158 163
159 159
159 163
160 160
160 163
161 161
161 163
162 162
162 163
163 163
163 164
164 164
164 165
164 166
164 167
164 168
164 169
164 170
164 177
164 178
164 179
164 180
164 181
164 182
165 165
165 171
166 166
166 172
167 167
167 173
168 168
168 174
169 169
169 175
170 170
170 176
171 171
171 243
172 172
172 244
173 173
173 245
174 174
174 246
175 175
175 247
176 176
176 248
177 177
177 183
178 178
178 184
179 179
179 185
180 180
180 186
181 181
181 187
182 182
182 188
183 183
183 189
183 203
183 255
184 184
184 190
184 204
184 256
185 185
185 191
185 205
185 257
186 186
186 192
186 206
186 258
187 187
187 193
187 207
187 259
188 188
188 194
188 208
188 260
189 189
189 195
190 190
190 195
191 191
191 195
192 192
192 195
193 193
193 195
194 194
194 195
195 195
195 196
195 236
195 268
196 196
196 197
196 198
196 199
196 200
196 201
196 202
197 197
197 203
198 198
198 204
199 199
199 205
200 200
200 206
201 201
201 207
202 202
202 208
203 203
203 211
203 213
203 214
203 218
203 229
203 237
203 269
204 204
204 209
204 230
204 238
204 270
205 205
205 212
205 215
205 219
205 231
205 239
205 271
206 206
206 216
206 220
206 222
206 232
206 240
206 272
207 207
207 217
207 233
207 241
207 273
208 208
208 210
208 221
208 234
208 242
208 274
209 209
209 223
210 210
210 223
211 211
211 224
212 212
212 224
213 213
213 225
214 214
214 226
215 215
215 226
216 216
216 226
217 217
217 226
218 218
218 227
219 219
219 227
220 220
220 227
221 221
221 227
222 222
222 228
223 223
223 229
223 249
224 224
224 230
224 250
225 225
225 231
225 251
226 226
226 232
226 252
227 227
227 233
227 253
228 228
228 234
228 254
229 229
229 235
230 230
230 235
231 231
231 235
232 232
232 235
233 233
233 235
234 234
234 235
235 235
235 236
236 236
236 237
236 238
236 239
236 240
236 241
236 242
236 249
236 250
236 251
236 252
236 253
236 254
237 237
237 243
238 238
238 244
239 239
239 245
240 240
240 246
241 241
241 247
242 242
242 248
243 243
243 315
244 244
244 316
245 245
245 317
246 246
246 318
247 247
247 319
248 248
248 320
249 249
249 255
250 250
250 256
251 251
251 257
252 252
252 258
253 253
253 259
254 254
254 260
255 255
255 261
255 275
255 327
256 256
256 262
256 276
256 328
257 257
257 263
257 277
257 329
258 258
258 264
258 278
258 330
259 259
259 265
259 279
259 331
260 260
260 266
260 280
260 332
261 261
261 267
262 262
262 267
263 263
263 267
264 264
264 267
265 265
265 267
266 266
266 267
267 267
267 268
267 308
268 268
268 269
268 270
268 271
268 272
268 273
268 274
269 269
269 275
270 270
270 276
271 271
271 277
272 272
272 278
273 273
273 279
274 274
274 280
275 275
275 283
275 285
275 286
275 290
275 301
275 309
276 276
276 281
276 302
276 310
277 277
277 284
277 287
277 291
277 303
277 311
278 278
278 288
278 292
278 294
278 304
278 312
279 279
279 289
279 305
279 313
280 280
280 282
280 293
280 306
280 314
281 281
281 295
282 282
282 295
283 283
283 296
284 284
284 296
285 285
285 297
286 286
286 298
287 287
287 298
288 288
288 298
289 289
289 298
290 290
290 299
291 291
291 299
292 292
292 299
293 293
293 299
294 294
294 300
295 295
295 301
295 321
296 296
296 302
296 322
297 297
297 303
297 323
298 298
298 304
298 324
299 299
299 305
299 325
300 300
300 306
300 326
301 301
301 307
302 302
302 307
303 303
303 307
304 304
304 307
305 305
305 307
306 306
306 307
307 307
307 308
308 308
308 309
308 310
308 311
308 312
308 313
308 314
308 321
308 322
308 323
308 324
308 325
308 326
309 309
309 315
310 310
310 316
311 311
311 317
312 312
312 318
313 313
313 319
314 314
314 320
315 321
315 327
316 322
316 328
317 323
317 329
318 324
318 330
319 325
319 331
320 326
320 332
