%HyperDAG model of naive implementation of A^10 *v with sparse matrix A and dense vector v.
%The probability for having a nonzero in any cell of matrix A is 0.20
596 610 1832
0 1
1 1
2 1
3 1
4 1
5 1
6 1
7 1
8 1
9 1
10 1
11 1
12 1
13 1
14 1
15 1
16 1
17 1
18 1
19 1
20 1
21 1
22 1
23 1
24 1
25 1
26 1
27 1
28 1
29 1
30 1
31 1
32 1
33 1
34 1
35 1
36 1
37 1
38 1
39 1
40 1
41 1
42 1
43 1
44 1
45 1
46 1
47 1
48 1
49 1
50 1
51 1
52 1
53 1
54 1
55 1
56 1
57 1
58 1
59 1
60 1
61 1
62 1
63 1
64 1
65 1
66 1
67 1
68 1
69 1
70 1
71 1
72 1
73 1
74 1
75 1
76 1
77 1
78 1
79 1
80 1
81 1
82 1
83 1
84 1
85 1
86 1
87 1
88 1
89 1
90 1
91 1
92 1
93 1
94 1
95 1
96 1
97 1
98 1
99 1
100 1
101 1
102 1
103 1
104 1
105 1
106 1
107 1
108 1
109 1
110 1
111 1
112 1
113 1
114 1
115 1
116 1
117 1
118 1
119 1
120 1
121 1
122 1
123 1
124 1
125 1
126 1
127 1
128 1
129 1
130 1
131 1
132 1
133 1
134 1
135 1
136 1
137 1
138 1
139 1
140 1
141 1
142 1
143 1
144 1
145 1
146 1
147 1
148 1
149 1
150 1
151 1
152 1
153 1
154 1
155 1
156 1
157 1
158 1
159 1
160 1
161 1
162 1
163 1
164 1
165 1
166 1
167 1
168 1
169 1
170 1
171 1
172 1
173 1
174 1
175 1
176 1
177 1
178 1
179 1
180 1
181 1
182 1
183 1
184 1
185 1
186 1
187 1
188 1
189 1
190 1
191 1
192 1
193 1
194 1
195 1
196 1
197 1
198 1
199 1
200 1
201 1
202 1
203 1
204 1
205 1
206 1
207 1
208 1
209 1
210 1
211 1
212 1
213 1
214 1
215 1
216 1
217 1
218 1
219 1
220 1
221 1
222 1
223 1
224 1
225 1
226 1
227 1
228 1
229 1
230 1
231 1
232 1
233 1
234 1
235 1
236 1
237 1
238 1
239 1
240 1
241 1
242 1
243 1
244 1
245 1
246 1
247 1
248 1
249 1
250 1
251 1
252 1
253 1
254 1
255 1
256 1
257 1
258 1
259 1
260 1
261 1
262 1
263 1
264 1
265 1
266 1
267 1
268 1
269 1
270 1
271 1
272 1
273 1
274 1
275 1
276 1
277 1
278 1
279 1
280 1
281 1
282 1
283 1
284 1
285 1
286 1
287 1
288 1
289 1
290 1
291 1
292 1
293 1
294 1
295 1
296 1
297 1
298 1
299 1
300 1
301 1
302 1
303 1
304 1
305 1
306 1
307 1
308 1
309 1
310 1
311 1
312 1
313 1
314 1
315 1
316 1
317 1
318 1
319 1
320 1
321 1
322 1
323 1
324 1
325 1
326 1
327 1
328 1
329 1
330 1
331 1
332 1
333 1
334 1
335 1
336 1
337 1
338 1
339 1
340 1
341 1
342 1
343 1
344 1
345 1
346 1
347 1
348 1
349 1
350 1
351 1
352 1
353 1
354 1
355 1
356 1
357 1
358 1
359 1
360 1
361 1
362 1
363 1
364 1
365 1
366 1
367 1
368 1
369 1
370 1
371 1
372 1
373 1
374 1
375 1
376 1
377 1
378 1
379 1
380 1
381 1
382 1
383 1
384 1
385 1
386 1
387 1
388 1
389 1
390 1
391 1
392 1
393 1
394 1
395 1
396 1
397 1
398 1
399 1
400 1
401 1
402 1
403 1
404 1
405 1
406 1
407 1
408 1
409 1
410 1
411 1
412 1
413 1
414 1
415 1
416 1
417 1
418 1
419 1
420 1
421 1
422 1
423 1
424 1
425 1
426 1
427 1
428 1
429 1
430 1
431 1
432 1
433 1
434 1
435 1
436 1
437 1
438 1
439 1
440 1
441 1
442 1
443 1
444 1
445 1
446 1
447 1
448 1
449 1
450 1
451 1
452 1
453 1
454 1
455 1
456 1
457 1
458 1
459 1
460 1
461 1
462 1
463 1
464 1
465 1
466 1
467 1
468 1
469 1
470 1
471 1
472 1
473 1
474 1
475 1
476 1
477 1
478 1
479 1
480 1
481 1
482 1
483 1
484 1
485 1
486 1
487 1
488 1
489 1
490 1
491 1
492 1
493 1
494 1
495 1
496 1
497 1
498 1
499 1
500 1
501 1
502 1
503 1
504 1
505 1
506 1
507 1
508 1
509 1
510 1
511 1
512 1
513 1
514 1
515 1
516 1
517 1
518 1
519 1
520 1
521 1
522 1
523 1
524 1
525 1
526 1
527 1
528 1
529 1
530 1
531 1
532 1
533 1
534 1
535 1
536 1
537 1
538 1
539 1
540 1
541 1
542 1
543 1
544 1
545 1
546 1
547 1
548 1
549 1
550 1
551 1
552 1
553 1
554 1
555 1
556 1
557 1
558 1
559 1
560 1
561 1
562 1
563 1
564 1
565 1
566 1
567 1
568 1
569 1
570 1
571 1
572 1
573 1
574 1
575 1
576 1
577 1
578 1
579 1
580 1
581 1
582 1
583 1
584 1
585 1
586 1
587 1
588 1
589 1
590 1
591 1
592 1
593 1
594 1
595 1
0 0
1 0
2 0
3 0
4 0
5 0
6 0
7 0
8 0
9 0
10 0
11 0
12 0
13 0
14 0
15 0
16 0
17 0
18 0
19 0
20 0
21 0
22 0
23 0
24 0
25 0
26 0
27 0
28 0
29 0
30 0
31 0
32 0
33 0
34 0
35 0
36 0
37 0
38 0
39 0
40 0
41 0
42 0
43 0
44 0
45 0
46 0
47 0
48 0
49 0
50 0
51 0
52 0
53 0
54 0
55 0
56 0
57 0
58 1
59 1
60 1
61 1
62 1
63 1
64 1
65 1
66 1
67 1
68 1
69 1
70 1
71 1
72 1
73 1
74 1
75 1
76 1
77 1
78 1
79 1
80 1
81 1
82 1
83 1
84 1
85 1
86 1
87 1
88 1
89 1
90 1
91 1
92 1
93 1
94 1
95 1
96 1
97 1
98 1
99 1
100 1
101 0
102 5
103 5
104 0
105 0
106 0
107 1
108 2
109 4
110 5
111 5
112 1
113 1
114 0
115 1
116 1
117 1
118 1
119 1
120 1
121 1
122 1
123 1
124 1
125 1
126 1
127 1
128 1
129 1
130 1
131 1
132 1
133 1
134 1
135 1
136 1
137 1
138 1
139 1
140 1
141 1
142 1
143 1
144 1
145 1
146 1
147 1
148 1
149 1
150 1
151 1
152 1
153 1
154 1
155 1
156 0
157 5
158 5
159 0
160 0
161 0
162 1
163 2
164 4
165 4
166 4
167 1
168 1
169 0
170 1
171 1
172 1
173 1
174 1
175 1
176 1
177 1
178 1
179 1
180 1
181 1
182 1
183 1
184 1
185 1
186 1
187 1
188 1
189 1
190 1
191 1
192 1
193 1
194 1
195 1
196 1
197 1
198 1
199 1
200 1
201 1
202 1
203 1
204 1
205 1
206 1
207 1
208 1
209 1
210 1
211 0
212 5
213 5
214 0
215 0
216 0
217 1
218 2
219 4
220 4
221 4
222 1
223 1
224 0
225 1
226 1
227 1
228 1
229 1
230 1
231 1
232 1
233 1
234 1
235 1
236 1
237 1
238 1
239 1
240 1
241 1
242 1
243 1
244 1
245 1
246 1
247 1
248 1
249 1
250 1
251 1
252 1
253 1
254 1
255 1
256 1
257 1
258 1
259 1
260 1
261 1
262 1
263 1
264 1
265 1
266 0
267 5
268 5
269 0
270 0
271 0
272 1
273 2
274 4
275 4
276 4
277 1
278 1
279 0
280 1
281 1
282 1
283 1
284 1
285 1
286 1
287 1
288 1
289 1
290 1
291 1
292 1
293 1
294 1
295 1
296 1
297 1
298 1
299 1
300 1
301 1
302 1
303 1
304 1
305 1
306 1
307 1
308 1
309 1
310 1
311 1
312 1
313 1
314 1
315 1
316 1
317 1
318 1
319 1
320 1
321 0
322 5
323 5
324 0
325 0
326 0
327 1
328 2
329 4
330 4
331 4
332 1
333 1
334 0
335 1
336 1
337 1
338 1
339 1
340 1
341 1
342 1
343 1
344 1
345 1
346 1
347 1
348 1
349 1
350 1
351 1
352 1
353 1
354 1
355 1
356 1
357 1
358 1
359 1
360 1
361 1
362 1
363 1
364 1
365 1
366 1
367 1
368 1
369 1
370 1
371 1
372 1
373 1
374 1
375 1
376 0
377 5
378 5
379 0
380 0
381 0
382 1
383 2
384 4
385 4
386 4
387 1
388 1
389 0
390 1
391 1
392 1
393 1
394 1
395 1
396 1
397 1
398 1
399 1
400 1
401 1
402 1
403 1
404 1
405 1
406 1
407 1
408 1
409 1
410 1
411 1
412 1
413 1
414 1
415 1
416 1
417 1
418 1
419 1
420 1
421 1
422 1
423 1
424 1
425 1
426 1
427 1
428 1
429 1
430 1
431 0
432 5
433 5
434 0
435 0
436 0
437 1
438 2
439 4
440 4
441 4
442 1
443 1
444 0
445 1
446 1
447 1
448 1
449 1
450 1
451 1
452 1
453 1
454 1
455 1
456 1
457 1
458 1
459 1
460 1
461 1
462 1
463 1
464 1
465 1
466 1
467 1
468 1
469 1
470 1
471 1
472 1
473 1
474 1
475 1
476 1
477 1
478 1
479 1
480 1
481 1
482 1
483 1
484 1
485 1
486 0
487 5
488 5
489 0
490 0
491 0
492 1
493 2
494 4
495 4
496 4
497 1
498 1
499 0
500 1
501 1
502 1
503 1
504 1
505 1
506 1
507 1
508 1
509 1
510 1
511 1
512 1
513 1
514 1
515 1
516 1
517 1
518 1
519 1
520 1
521 1
522 1
523 1
524 1
525 1
526 1
527 1
528 1
529 1
530 1
531 1
532 1
533 1
534 1
535 1
536 1
537 1
538 1
539 1
540 1
541 0
542 5
543 5
544 0
545 0
546 0
547 1
548 2
549 4
550 4
551 4
552 1
553 1
554 0
555 1
556 1
557 1
558 1
559 1
560 1
561 1
562 1
563 1
564 1
565 1
566 1
567 1
568 1
569 1
570 1
571 1
572 1
573 1
574 1
575 1
576 1
577 1
578 1
579 1
580 1
581 1
582 1
583 1
584 1
585 1
586 1
587 1
588 1
589 1
590 1
591 1
592 1
593 1
594 1
595 1
596 0
597 5
598 5
599 0
600 0
601 0
602 1
603 2
604 4
605 4
606 4
607 1
608 1
609 0
0 0
0 58
0 115
0 170
0 225
0 280
0 335
0 390
0 445
0 500
0 555
1 1
1 59
1 116
1 171
1 226
1 281
1 336
1 391
1 446
1 501
1 556
2 2
2 60
2 117
2 172
2 227
2 282
2 337
2 392
2 447
2 502
2 557
3 3
3 61
3 118
3 173
3 228
3 283
3 338
3 393
3 448
3 503
3 558
4 4
4 62
4 119
4 174
4 229
4 284
4 339
4 394
4 449
4 504
4 559
5 5
5 63
5 120
5 175
5 230
5 285
5 340
5 395
5 450
5 505
5 560
6 6
6 64
6 121
6 176
6 231
6 286
6 341
6 396
6 451
6 506
6 561
7 7
7 65
7 122
7 177
7 232
7 287
7 342
7 397
7 452
7 507
7 562
8 8
8 66
8 123
8 178
8 233
8 288
8 343
8 398
8 453
8 508
8 563
9 9
9 67
9 124
9 179
9 234
9 289
9 344
9 399
9 454
9 509
9 564
10 10
10 68
10 125
10 180
10 235
10 290
10 345
10 400
10 455
10 510
10 565
11 11
11 69
11 126
11 181
11 236
11 291
11 346
11 401
11 456
11 511
11 566
12 12
12 70
12 127
12 182
12 237
12 292
12 347
12 402
12 457
12 512
12 567
13 13
13 71
13 128
13 183
13 238
13 293
13 348
13 403
13 458
13 513
13 568
14 14
14 72
14 129
14 184
14 239
14 294
14 349
14 404
14 459
14 514
14 569
15 15
15 73
15 130
15 185
15 240
15 295
15 350
15 405
15 460
15 515
15 570
16 16
16 74
16 131
16 186
16 241
16 296
16 351
16 406
16 461
16 516
16 571
17 17
17 75
17 132
17 187
17 242
17 297
17 352
17 407
17 462
17 517
17 572
18 18
18 76
18 133
18 188
18 243
18 298
18 353
18 408
18 463
18 518
18 573
19 19
19 77
19 134
19 189
19 244
19 299
19 354
19 409
19 464
19 519
19 574
20 20
20 78
20 135
20 190
20 245
20 300
20 355
20 410
20 465
20 520
20 575
21 21
21 79
21 136
21 191
21 246
21 301
21 356
21 411
21 466
21 521
21 576
22 22
22 80
22 137
22 192
22 247
22 302
22 357
22 412
22 467
22 522
22 577
23 23
23 81
23 138
23 193
23 248
23 303
23 358
23 413
23 468
23 523
23 578
24 24
24 82
24 139
24 194
24 249
24 304
24 359
24 414
24 469
24 524
24 579
25 25
25 83
25 140
25 195
25 250
25 305
25 360
25 415
25 470
25 525
25 580
26 26
26 84
27 27
27 85
27 141
27 196
27 251
27 306
27 361
27 416
27 471
27 526
27 581
28 28
28 86
28 142
28 197
28 252
28 307
28 362
28 417
28 472
28 527
28 582
29 29
29 87
29 143
29 198
29 253
29 308
29 363
29 418
29 473
29 528
29 583
30 30
30 88
30 144
30 199
30 254
30 309
30 364
30 419
30 474
30 529
30 584
31 31
31 89
31 145
31 200
31 255
31 310
31 365
31 420
31 475
31 530
31 585
32 32
32 90
33 33
33 91
33 146
33 201
33 256
33 311
33 366
33 421
33 476
33 531
33 586
34 34
34 92
34 147
34 202
34 257
34 312
34 367
34 422
34 477
34 532
34 587
35 35
35 93
35 148
35 203
35 258
35 313
35 368
35 423
35 478
35 533
35 588
36 36
36 94
36 149
36 204
36 259
36 314
36 369
36 424
36 479
36 534
36 589
37 37
37 95
37 150
37 205
37 260
37 315
37 370
37 425
37 480
37 535
37 590
38 38
38 96
38 151
38 206
38 261
38 316
38 371
38 426
38 481
38 536
38 591
39 39
39 97
39 152
39 207
39 262
39 317
39 372
39 427
39 482
39 537
39 592
40 40
40 98
40 153
40 208
40 263
40 318
40 373
40 428
40 483
40 538
40 593
41 41
41 99
41 154
41 209
41 264
41 319
41 374
41 429
41 484
41 539
41 594
42 42
42 100
42 155
42 210
42 265
42 320
42 375
42 430
42 485
42 540
42 595
43 43
43 76
44 44
44 77
44 79
45 45
45 84
45 90
46 46
46 59
46 65
46 80
46 85
47 47
47 91
48 48
48 58
48 60
48 81
48 86
48 96
49 49
49 66
49 72
49 87
49 92
50 50
50 61
50 67
50 82
50 93
51 51
51 100
52 52
52 62
52 74
52 83
53 53
53 94
54 54
54 63
54 68
54 71
54 95
54 98
55 55
55 64
55 69
55 88
56 56
56 75
56 89
57 57
57 70
57 73
57 78
57 97
57 99
58 58
58 101
59 59
59 102
60 60
60 102
61 61
61 102
62 62
62 102
63 63
63 102
64 64
64 102
65 65
65 103
66 66
66 103
67 67
67 103
68 68
68 103
69 69
69 103
70 70
70 103
71 71
71 104
72 72
72 105
73 73
73 106
74 74
74 107
75 75
75 107
76 76
76 108
77 77
77 108
78 78
78 108
79 79
79 109
80 80
80 109
81 81
81 109
82 82
82 109
83 83
83 109
84 84
84 110
85 85
85 110
86 86
86 110
87 87
87 110
88 88
88 110
89 89
89 110
90 90
90 111
91 91
91 111
92 92
92 111
93 93
93 111
94 94
94 111
95 95
95 111
96 96
96 112
97 97
97 112
98 98
98 113
99 99
99 113
100 100
100 114
101 101
101 133
102 102
102 134
102 136
103 103
103 116
103 122
103 137
103 141
104 104
104 146
105 105
105 115
105 117
105 138
105 142
105 151
106 106
106 123
106 129
106 143
106 147
107 107
107 118
107 124
107 139
107 148
108 108
108 155
109 109
109 119
109 131
109 140
110 110
110 149
111 111
111 120
111 125
111 128
111 150
111 153
112 112
112 121
112 126
112 144
113 113
113 132
113 145
114 114
114 127
114 130
114 135
114 152
114 154
115 115
115 156
116 116
116 157
117 117
117 157
118 118
118 157
119 119
119 157
120 120
120 157
121 121
121 157
122 122
122 158
123 123
123 158
124 124
124 158
125 125
125 158
126 126
126 158
127 127
127 158
128 128
128 159
129 129
129 160
130 130
130 161
131 131
131 162
132 132
132 162
133 133
133 163
134 134
134 163
135 135
135 163
136 136
136 164
137 137
137 164
138 138
138 164
139 139
139 164
140 140
140 164
141 141
141 165
142 142
142 165
143 143
143 165
144 144
144 165
145 145
145 165
146 146
146 166
147 147
147 166
148 148
148 166
149 149
149 166
150 150
150 166
151 151
151 167
152 152
152 167
153 153
153 168
154 154
154 168
155 155
155 169
156 156
156 188
157 157
157 189
157 191
158 158
158 171
158 177
158 192
158 196
159 159
159 201
160 160
160 170
160 172
160 193
160 197
160 206
161 161
161 178
161 184
161 198
161 202
162 162
162 173
162 179
162 194
162 203
163 163
163 210
164 164
164 174
164 186
164 195
165 165
165 204
166 166
166 175
166 180
166 183
166 205
166 208
167 167
167 176
167 181
167 199
168 168
168 187
168 200
169 169
169 182
169 185
169 190
169 207
169 209
170 170
170 211
171 171
171 212
172 172
172 212
173 173
173 212
174 174
174 212
175 175
175 212
176 176
176 212
177 177
177 213
178 178
178 213
179 179
179 213
180 180
180 213
181 181
181 213
182 182
182 213
183 183
183 214
184 184
184 215
185 185
185 216
186 186
186 217
187 187
187 217
188 188
188 218
189 189
189 218
190 190
190 218
191 191
191 219
192 192
192 219
193 193
193 219
194 194
194 219
195 195
195 219
196 196
196 220
197 197
197 220
198 198
198 220
199 199
199 220
200 200
200 220
201 201
201 221
202 202
202 221
203 203
203 221
204 204
204 221
205 205
205 221
206 206
206 222
207 207
207 222
208 208
208 223
209 209
209 223
210 210
210 224
211 211
211 243
212 212
212 244
212 246
213 213
213 226
213 232
213 247
213 251
214 214
214 256
215 215
215 225
215 227
215 248
215 252
215 261
216 216
216 233
216 239
216 253
216 257
217 217
217 228
217 234
217 249
217 258
218 218
218 265
219 219
219 229
219 241
219 250
220 220
220 259
221 221
221 230
221 235
221 238
221 260
221 263
222 222
222 231
222 236
222 254
223 223
223 242
223 255
224 224
224 237
224 240
224 245
224 262
224 264
225 225
225 266
226 226
226 267
227 227
227 267
228 228
228 267
229 229
229 267
230 230
230 267
231 231
231 267
232 232
232 268
233 233
233 268
234 234
234 268
235 235
235 268
236 236
236 268
237 237
237 268
238 238
238 269
239 239
239 270
240 240
240 271
241 241
241 272
242 242
242 272
243 243
243 273
244 244
244 273
245 245
245 273
246 246
246 274
247 247
247 274
248 248
248 274
249 249
249 274
250 250
250 274
251 251
251 275
252 252
252 275
253 253
253 275
254 254
254 275
255 255
255 275
256 256
256 276
257 257
257 276
258 258
258 276
259 259
259 276
260 260
260 276
261 261
261 277
262 262
262 277
263 263
263 278
264 264
264 278
265 265
265 279
266 266
266 298
267 267
267 299
267 301
268 268
268 281
268 287
268 302
268 306
269 269
269 311
270 270
270 280
270 282
270 303
270 307
270 316
271 271
271 288
271 294
271 308
271 312
272 272
272 283
272 289
272 304
272 313
273 273
273 320
274 274
274 284
274 296
274 305
275 275
275 314
276 276
276 285
276 290
276 293
276 315
276 318
277 277
277 286
277 291
277 309
278 278
278 297
278 310
279 279
279 292
279 295
279 300
279 317
279 319
280 280
280 321
281 281
281 322
282 282
282 322
283 283
283 322
284 284
284 322
285 285
285 322
286 286
286 322
287 287
287 323
288 288
288 323
289 289
289 323
290 290
290 323
291 291
291 323
292 292
292 323
293 293
293 324
294 294
294 325
295 295
295 326
296 296
296 327
297 297
297 327
298 298
298 328
299 299
299 328
300 300
300 328
301 301
301 329
302 302
302 329
303 303
303 329
304 304
304 329
305 305
305 329
306 306
306 330
307 307
307 330
308 308
308 330
309 309
309 330
310 310
310 330
311 311
311 331
312 312
312 331
313 313
313 331
314 314
314 331
315 315
315 331
316 316
316 332
317 317
317 332
318 318
318 333
319 319
319 333
320 320
320 334
321 321
321 353
322 322
322 354
322 356
323 323
323 336
323 342
323 357
323 361
324 324
324 366
325 325
325 335
325 337
325 358
325 362
325 371
326 326
326 343
326 349
326 363
326 367
327 327
327 338
327 344
327 359
327 368
328 328
328 375
329 329
329 339
329 351
329 360
330 330
330 369
331 331
331 340
331 345
331 348
331 370
331 373
332 332
332 341
332 346
332 364
333 333
333 352
333 365
334 334
334 347
334 350
334 355
334 372
334 374
335 335
335 376
336 336
336 377
337 337
337 377
338 338
338 377
339 339
339 377
340 340
340 377
341 341
341 377
342 342
342 378
343 343
343 378
344 344
344 378
345 345
345 378
346 346
346 378
347 347
347 378
348 348
348 379
349 349
349 380
350 350
350 381
351 351
351 382
352 352
352 382
353 353
353 383
354 354
354 383
355 355
355 383
356 356
356 384
357 357
357 384
358 358
358 384
359 359
359 384
360 360
360 384
361 361
361 385
362 362
362 385
363 363
363 385
364 364
364 385
365 365
365 385
366 366
366 386
367 367
367 386
368 368
368 386
369 369
369 386
370 370
370 386
371 371
371 387
372 372
372 387
373 373
373 388
374 374
374 388
375 375
375 389
376 376
376 408
377 377
377 409
377 411
378 378
378 391
378 397
378 412
378 416
379 379
379 421
380 380
380 390
380 392
380 413
380 417
380 426
381 381
381 398
381 404
381 418
381 422
382 382
382 393
382 399
382 414
382 423
383 383
383 430
384 384
384 394
384 406
384 415
385 385
385 424
386 386
386 395
386 400
386 403
386 425
386 428
387 387
387 396
387 401
387 419
388 388
388 407
388 420
389 389
389 402
389 405
389 410
389 427
389 429
390 390
390 431
391 391
391 432
392 392
392 432
393 393
393 432
394 394
394 432
395 395
395 432
396 396
396 432
397 397
397 433
398 398
398 433
399 399
399 433
400 400
400 433
401 401
401 433
402 402
402 433
403 403
403 434
404 404
404 435
405 405
405 436
406 406
406 437
407 407
407 437
408 408
408 438
409 409
409 438
410 410
410 438
411 411
411 439
412 412
412 439
413 413
413 439
414 414
414 439
415 415
415 439
416 416
416 440
417 417
417 440
418 418
418 440
419 419
419 440
420 420
420 440
421 421
421 441
422 422
422 441
423 423
423 441
424 424
424 441
425 425
425 441
426 426
426 442
427 427
427 442
428 428
428 443
429 429
429 443
430 430
430 444
431 431
431 463
432 432
432 464
432 466
433 433
433 446
433 452
433 467
433 471
434 434
434 476
435 435
435 445
435 447
435 468
435 472
435 481
436 436
436 453
436 459
436 473
436 477
437 437
437 448
437 454
437 469
437 478
438 438
438 485
439 439
439 449
439 461
439 470
440 440
440 479
441 441
441 450
441 455
441 458
441 480
441 483
442 442
442 451
442 456
442 474
443 443
443 462
443 475
444 444
444 457
444 460
444 465
444 482
444 484
445 445
445 486
446 446
446 487
447 447
447 487
448 448
448 487
449 449
449 487
450 450
450 487
451 451
451 487
452 452
452 488
453 453
453 488
454 454
454 488
455 455
455 488
456 456
456 488
457 457
457 488
458 458
458 489
459 459
459 490
460 460
460 491
461 461
461 492
462 462
462 492
463 463
463 493
464 464
464 493
465 465
465 493
466 466
466 494
467 467
467 494
468 468
468 494
469 469
469 494
470 470
470 494
471 471
471 495
472 472
472 495
473 473
473 495
474 474
474 495
475 475
475 495
476 476
476 496
477 477
477 496
478 478
478 496
479 479
479 496
480 480
480 496
481 481
481 497
482 482
482 497
483 483
483 498
484 484
484 498
485 485
485 499
486 486
486 518
487 487
487 519
487 521
488 488
488 501
488 507
488 522
488 526
489 489
489 531
490 490
490 500
490 502
490 523
490 527
490 536
491 491
491 508
491 514
491 528
491 532
492 492
492 503
492 509
492 524
492 533
493 493
493 540
494 494
494 504
494 516
494 525
495 495
495 534
496 496
496 505
496 510
496 513
496 535
496 538
497 497
497 506
497 511
497 529
498 498
498 517
498 530
499 499
499 512
499 515
499 520
499 537
499 539
500 500
500 541
501 501
501 542
502 502
502 542
503 503
503 542
504 504
504 542
505 505
505 542
506 506
506 542
507 507
507 543
508 508
508 543
509 509
509 543
510 510
510 543
511 511
511 543
512 512
512 543
513 513
513 544
514 514
514 545
515 515
515 546
516 516
516 547
517 517
517 547
518 518
518 548
519 519
519 548
520 520
520 548
521 521
521 549
522 522
522 549
523 523
523 549
524 524
524 549
525 525
525 549
526 526
526 550
527 527
527 550
528 528
528 550
529 529
529 550
530 530
530 550
531 531
531 551
532 532
532 551
533 533
533 551
534 534
534 551
535 535
535 551
536 536
536 552
537 537
537 552
538 538
538 553
539 539
539 553
540 540
540 554
541 541
541 573
542 542
542 574
542 576
543 543
543 556
543 562
543 577
543 581
544 544
544 586
545 545
545 555
545 557
545 578
545 582
545 591
546 546
546 563
546 569
546 583
546 587
547 547
547 558
547 564
547 579
547 588
548 548
548 595
549 549
549 559
549 571
549 580
550 550
550 589
551 551
551 560
551 565
551 568
551 590
551 593
552 552
552 561
552 566
552 584
553 553
553 572
553 585
554 554
554 567
554 570
554 575
554 592
554 594
555 555
555 596
556 556
556 597
557 557
557 597
558 558
558 597
559 559
559 597
560 560
560 597
561 561
561 597
562 562
562 598
563 563
563 598
564 564
564 598
565 565
565 598
566 566
566 598
567 567
567 598
568 568
568 599
569 569
569 600
570 570
570 601
571 571
571 602
572 572
572 602
573 573
573 603
574 574
574 603
575 575
575 603
576 576
576 604
577 577
577 604
578 578
578 604
579 579
579 604
580 580
580 604
581 581
581 605
582 582
582 605
583 583
583 605
584 584
584 605
585 585
585 605
586 586
586 606
587 587
587 606
588 588
588 606
589 589
589 606
590 590
590 606
591 591
591 607
592 592
592 607
593 593
593 608
594 594
594 608
595 595
595 609
