%HyperDAG model of naive implementation of A^7 *v with sparse matrix A and dense vector v.
%The probability for having a nonzero in any cell of matrix A is 0.25
197 205 560
0 1
1 1
2 1
3 1
4 1
5 1
6 1
7 1
8 1
9 1
10 1
11 1
12 1
13 1
14 1
15 1
16 1
17 1
18 1
19 1
20 1
21 1
22 1
23 1
24 1
25 1
26 1
27 1
28 1
29 1
30 1
31 1
32 1
33 1
34 1
35 1
36 1
37 1
38 1
39 1
40 1
41 1
42 1
43 1
44 1
45 1
46 1
47 1
48 1
49 1
50 1
51 1
52 1
53 1
54 1
55 1
56 1
57 1
58 1
59 1
60 1
61 1
62 1
63 1
64 1
65 1
66 1
67 1
68 1
69 1
70 1
71 1
72 1
73 1
74 1
75 1
76 1
77 1
78 1
79 1
80 1
81 1
82 1
83 1
84 1
85 1
86 1
87 1
88 1
89 1
90 1
91 1
92 1
93 1
94 1
95 1
96 1
97 1
98 1
99 1
100 1
101 1
102 1
103 1
104 1
105 1
106 1
107 1
108 1
109 1
110 1
111 1
112 1
113 1
114 1
115 1
116 1
117 1
118 1
119 1
120 1
121 1
122 1
123 1
124 1
125 1
126 1
127 1
128 1
129 1
130 1
131 1
132 1
133 1
134 1
135 1
136 1
137 1
138 1
139 1
140 1
141 1
142 1
143 1
144 1
145 1
146 1
147 1
148 1
149 1
150 1
151 1
152 1
153 1
154 1
155 1
156 1
157 1
158 1
159 1
160 1
161 1
162 1
163 1
164 1
165 1
166 1
167 1
168 1
169 1
170 1
171 1
172 1
173 1
174 1
175 1
176 1
177 1
178 1
179 1
180 1
181 1
182 1
183 1
184 1
185 1
186 1
187 1
188 1
189 1
190 1
191 1
192 1
193 1
194 1
195 1
196 1
0 0
1 0
2 0
3 0
4 0
5 0
6 0
7 0
8 0
9 0
10 0
11 0
12 0
13 0
14 0
15 0
16 0
17 0
18 0
19 0
20 0
21 0
22 0
23 0
24 0
25 0
26 0
27 0
28 1
29 1
30 1
31 1
32 1
33 1
34 1
35 1
36 1
37 1
38 1
39 1
40 1
41 1
42 1
43 1
44 1
45 1
46 1
47 0
48 0
49 6
50 0
51 4
52 0
53 0
54 1
55 1
56 1
57 1
58 1
59 1
60 1
61 1
62 1
63 1
64 1
65 1
66 1
67 1
68 1
69 1
70 1
71 1
72 0
73 0
74 5
75 0
76 3
77 0
78 0
79 1
80 1
81 1
82 1
83 1
84 1
85 1
86 1
87 1
88 1
89 1
90 1
91 1
92 1
93 1
94 1
95 1
96 1
97 0
98 0
99 5
100 0
101 3
102 0
103 0
104 1
105 1
106 1
107 1
108 1
109 1
110 1
111 1
112 1
113 1
114 1
115 1
116 1
117 1
118 1
119 1
120 1
121 1
122 0
123 0
124 5
125 0
126 3
127 0
128 0
129 1
130 1
131 1
132 1
133 1
134 1
135 1
136 1
137 1
138 1
139 1
140 1
141 1
142 1
143 1
144 1
145 1
146 1
147 0
148 0
149 5
150 0
151 3
152 0
153 0
154 1
155 1
156 1
157 1
158 1
159 1
160 1
161 1
162 1
163 1
164 1
165 1
166 1
167 1
168 1
169 1
170 1
171 1
172 0
173 0
174 5
175 0
176 3
177 0
178 0
179 1
180 1
181 1
182 1
183 1
184 1
185 1
186 1
187 1
188 1
189 1
190 1
191 1
192 1
193 1
194 1
195 1
196 1
197 0
198 0
199 5
200 0
201 3
202 0
203 0
204 1
0 0
0 28
0 55
0 80
0 105
0 130
0 155
0 180
1 1
1 29
1 56
1 81
1 106
1 131
1 156
1 181
2 2
2 30
2 57
2 82
2 107
2 132
2 157
2 182
3 3
3 31
3 58
3 83
3 108
3 133
3 158
3 183
4 4
4 32
4 59
4 84
4 109
4 134
4 159
4 184
5 5
5 33
5 60
5 85
5 110
5 135
5 160
5 185
6 6
6 34
6 61
6 86
6 111
6 136
6 161
6 186
7 7
7 35
7 62
7 87
7 112
7 137
7 162
7 187
8 8
8 36
9 9
9 37
9 63
9 88
9 113
9 138
9 163
9 188
10 10
10 38
10 64
10 89
10 114
10 139
10 164
10 189
11 11
11 39
11 65
11 90
11 115
11 140
11 165
11 190
12 12
12 40
12 66
12 91
12 116
12 141
12 166
12 191
13 13
13 41
13 67
13 92
13 117
13 142
13 167
13 192
14 14
14 42
15 15
15 43
15 68
15 93
15 118
15 143
15 168
15 193
16 16
16 44
16 69
16 94
16 119
16 144
16 169
16 194
17 17
17 45
17 70
17 95
17 120
17 145
17 170
17 195
18 18
18 46
18 71
18 96
18 121
18 146
18 171
18 196
19 19
19 30
19 43
20 20
20 31
20 38
20 44
20 45
21 21
21 32
21 39
22 22
22 33
23 23
23 28
24 24
24 34
24 40
24 46
25 25
25 35
25 41
26 26
26 29
26 37
27 27
27 36
27 42
28 28
28 47
29 29
29 48
30 30
30 49
31 31
31 49
32 32
32 49
33 33
33 49
34 34
34 49
35 35
35 49
36 36
36 49
37 37
37 50
38 38
38 51
39 39
39 51
40 40
40 51
41 41
41 51
42 42
42 51
43 43
43 52
44 44
44 53
45 45
45 54
46 46
46 54
47 47
47 57
47 68
48 48
48 58
48 64
48 69
48 70
49 49
49 59
49 65
50 50
50 60
51 51
51 55
52 52
52 61
52 66
52 71
53 53
53 62
53 67
54 54
54 56
54 63
55 55
55 72
56 56
56 73
57 57
57 74
58 58
58 74
59 59
59 74
60 60
60 74
61 61
61 74
62 62
62 74
63 63
63 75
64 64
64 76
65 65
65 76
66 66
66 76
67 67
67 76
68 68
68 77
69 69
69 78
70 70
70 79
71 71
71 79
72 72
72 82
72 93
73 73
73 83
73 89
73 94
73 95
74 74
74 84
74 90
75 75
75 85
76 76
76 80
77 77
77 86
77 91
77 96
78 78
78 87
78 92
79 79
79 81
79 88
80 80
80 97
81 81
81 98
82 82
82 99
83 83
83 99
84 84
84 99
85 85
85 99
86 86
86 99
87 87
87 99
88 88
88 100
89 89
89 101
90 90
90 101
91 91
91 101
92 92
92 101
93 93
93 102
94 94
94 103
95 95
95 104
96 96
96 104
97 97
97 107
97 118
98 98
98 108
98 114
98 119
98 120
99 99
99 109
99 115
100 100
100 110
101 101
101 105
102 102
102 111
102 116
102 121
103 103
103 112
103 117
104 104
104 106
104 113
105 105
105 122
106 106
106 123
107 107
107 124
108 108
108 124
109 109
109 124
110 110
110 124
111 111
111 124
112 112
112 124
113 113
113 125
114 114
114 126
115 115
115 126
116 116
116 126
117 117
117 126
118 118
118 127
119 119
119 128
120 120
120 129
121 121
121 129
122 122
122 132
122 143
123 123
123 133
123 139
123 144
123 145
124 124
124 134
124 140
125 125
125 135
126 126
126 130
127 127
127 136
127 141
127 146
128 128
128 137
128 142
129 129
129 131
129 138
130 130
130 147
131 131
131 148
132 132
132 149
133 133
133 149
134 134
134 149
135 135
135 149
136 136
136 149
137 137
137 149
138 138
138 150
139 139
139 151
140 140
140 151
141 141
141 151
142 142
142 151
143 143
143 152
144 144
144 153
145 145
145 154
146 146
146 154
147 147
147 157
147 168
148 148
148 158
148 164
148 169
148 170
149 149
149 159
149 165
150 150
150 160
151 151
151 155
152 152
152 161
152 166
152 171
153 153
153 162
153 167
154 154
154 156
154 163
155 155
155 172
156 156
156 173
157 157
157 174
158 158
158 174
159 159
159 174
160 160
160 174
161 161
161 174
162 162
162 174
163 163
163 175
164 164
164 176
165 165
165 176
166 166
166 176
167 167
167 176
168 168
168 177
169 169
169 178
170 170
170 179
171 171
171 179
172 172
172 182
172 193
173 173
173 183
173 189
173 194
173 195
174 174
174 184
174 190
175 175
175 185
176 176
176 180
177 177
177 186
177 191
177 196
178 178
178 187
178 192
179 179
179 181
179 188
180 180
180 197
181 181
181 198
182 182
182 199
183 183
183 199
184 184
184 199
185 185
185 199
186 186
186 199
187 187
187 199
188 188
188 200
189 189
189 201
190 190
190 201
191 191
191 201
192 192
192 201
193 193
193 202
194 194
194 203
195 195
195 204
196 196
196 204
