%HyperDAG model of naive implementation of A^2 *v with sparse matrix A and dense vector v.
%The probability for having a nonzero in any cell of matrix A is 0.50
23 27 56
0 1
1 1
2 1
3 1
4 1
5 1
6 1
7 1
8 1
9 1
10 1
11 1
12 1
13 1
14 1
15 1
16 1
17 1
18 1
19 1
20 1
21 1
22 1
0 0
1 0
2 0
3 0
4 0
5 0
6 0
7 0
8 0
9 1
10 1
11 1
12 1
13 1
14 0
15 1
16 1
17 1
18 1
19 1
20 1
21 1
22 1
23 0
24 1
25 1
26 0
0 0
0 9
0 17
1 1
1 10
1 18
2 2
2 11
2 19
3 3
3 12
3 20
4 4
4 13
4 21
5 5
5 22
6 6
6 12
7 7
7 9
7 10
8 8
8 11
8 13
9 9
9 14
10 10
10 15
11 11
11 15
12 12
12 16
13 13
13 16
14 14
14 20
14 22
15 15
15 17
15 18
16 16
16 19
16 21
17 17
17 23
18 18
18 24
19 19
19 24
20 20
20 25
21 21
21 25
22 22
22 26
