%HyperDAG model of naive implementation of 5 iterations of kNN, starting from node number 2 (i.e. sparse vector with 1 entry).
%The probability for having a nonzero in any cell of matrix A is 0.25, and the main diagonal is set to 1.
119 126 338
0 1
1 1
2 1
3 1
4 1
5 1
6 1
7 1
8 1
9 1
10 1
11 1
12 1
13 1
14 1
15 1
16 1
17 1
18 1
19 1
20 1
21 1
22 1
23 1
24 1
25 1
26 1
27 1
28 1
29 1
30 1
31 1
32 1
33 1
34 1
35 1
36 1
37 1
38 1
39 1
40 1
41 1
42 1
43 1
44 1
45 1
46 1
47 1
48 1
49 1
50 1
51 1
52 1
53 1
54 1
55 1
56 1
57 1
58 1
59 1
60 1
61 1
62 1
63 1
64 1
65 1
66 1
67 1
68 1
69 1
70 1
71 1
72 1
73 1
74 1
75 1
76 1
77 1
78 1
79 1
80 1
81 1
82 1
83 1
84 1
85 1
86 1
87 1
88 1
89 1
90 1
91 1
92 1
93 1
94 1
95 1
96 1
97 1
98 1
99 1
100 1
101 1
102 1
103 1
104 1
105 1
106 1
107 1
108 1
109 1
110 1
111 1
112 1
113 1
114 1
115 1
116 1
117 1
118 1
0 0
1 0
2 0
3 0
4 0
5 0
6 0
7 0
8 0
9 0
10 0
11 0
12 0
13 0
14 0
15 0
16 0
17 0
18 0
19 0
20 0
21 0
22 0
23 0
24 0
25 1
26 1
27 1
28 0
29 0
30 0
31 1
32 1
33 1
34 1
35 1
36 1
37 1
38 1
39 1
40 0
41 1
42 1
43 0
44 2
45 1
46 1
47 1
48 1
49 1
50 1
51 1
52 1
53 1
54 1
55 1
56 1
57 1
58 1
59 1
60 1
61 1
62 1
63 3
64 2
65 1
66 3
67 1
68 1
69 1
70 1
71 1
72 1
73 1
74 1
75 1
76 1
77 1
78 1
79 1
80 1
81 1
82 1
83 1
84 1
85 1
86 1
87 1
88 1
89 4
90 2
91 1
92 3
93 0
94 2
95 1
96 1
97 1
98 1
99 1
100 1
101 1
102 1
103 1
104 1
105 1
106 1
107 1
108 1
109 1
110 1
111 1
112 1
113 1
114 1
115 1
116 1
117 1
118 1
119 1
120 5
121 2
122 2
123 4
124 1
125 2
0 0
0 45
0 68
0 95
1 1
1 31
1 46
1 69
1 96
2 2
2 47
2 70
2 97
3 3
3 25
3 32
3 48
3 71
3 98
4 4
4 33
4 49
4 72
4 99
5 5
5 50
5 73
5 100
6 6
6 101
7 7
7 74
7 102
8 8
8 51
8 75
8 103
9 9
9 26
9 34
9 52
9 76
9 104
10 10
10 35
10 53
10 77
10 105
11 11
11 36
11 54
11 78
11 106
12 12
12 55
12 79
12 107
13 13
13 108
14 14
14 27
14 37
14 56
14 80
14 109
15 15
15 38
15 57
15 81
15 110
16 16
16 58
16 82
16 111
17 17
17 39
17 59
17 83
17 112
18 18
18 113
19 19
19 114
20 20
20 84
20 115
21 21
21 60
21 85
21 116
22 22
22 61
22 86
22 117
23 23
23 87
23 118
24 24
24 25
24 26
24 27
25 25
25 28
26 26
26 29
27 27
27 30
28 28
28 32
28 34
28 37
29 29
29 33
29 35
29 36
29 38
30 30
30 31
30 39
31 31
31 40
32 32
32 41
33 33
33 41
34 34
34 42
35 35
35 42
36 36
36 43
37 37
37 44
38 38
38 44
39 39
39 44
40 40
40 45
40 47
40 51
40 60
41 41
41 48
41 52
41 56
42 42
42 49
42 53
42 54
42 57
43 43
43 50
43 55
43 58
43 61
44 44
44 46
44 59
45 45
45 62
46 46
46 62
47 47
47 63
48 48
48 63
49 49
49 63
50 50
50 63
51 51
51 64
52 52
52 64
53 53
53 64
54 54
54 65
55 55
55 65
56 56
56 66
57 57
57 66
58 58
58 66
59 59
59 66
60 60
60 67
61 61
61 67
62 62
62 68
62 70
62 75
62 85
63 63
63 71
63 76
63 80
64 64
64 72
64 77
64 78
64 81
65 65
65 73
65 79
65 82
65 86
66 66
66 69
66 83
67 67
67 74
67 84
67 87
68 68
68 88
69 69
69 88
70 70
70 89
71 71
71 89
72 72
72 89
73 73
73 89
74 74
74 89
75 75
75 90
76 76
76 90
77 77
77 90
78 78
78 91
79 79
79 91
80 80
80 92
81 81
81 92
82 82
82 92
83 83
83 92
84 84
84 93
85 85
85 94
86 86
86 94
87 87
87 94
88 88
88 95
88 97
88 103
88 116
89 89
89 98
89 104
89 109
90 90
90 99
90 105
90 106
90 110
91 91
91 100
91 107
91 111
91 117
92 92
92 96
92 112
93 93
93 101
93 108
93 113
93 114
94 94
94 102
94 115
94 118
95 95
95 119
96 96
96 119
97 97
97 120
98 98
98 120
99 99
99 120
100 100
100 120
101 101
101 120
102 102
102 120
103 103
103 121
104 104
104 121
105 105
105 121
106 106
106 122
107 107
107 122
108 108
108 122
109 109
109 123
110 110
110 123
111 111
111 123
112 112
112 123
113 113
113 123
114 114
114 124
115 115
115 124
116 116
116 125
117 117
117 125
118 118
118 125
