%HyperDAG model of naive implementation of 7 iterations of kNN, starting from node number 3 (i.e. sparse vector with 1 entry).
%The probability for having a nonzero in any cell of matrix A is 0.20, and the main diagonal is set to 1.
321 332 984
0 1
1 1
2 1
3 1
4 1
5 1
6 1
7 1
8 1
9 1
10 1
11 1
12 1
13 1
14 1
15 1
16 1
17 1
18 1
19 1
20 1
21 1
22 1
23 1
24 1
25 1
26 1
27 1
28 1
29 1
30 1
31 1
32 1
33 1
34 1
35 1
36 1
37 1
38 1
39 1
40 1
41 1
42 1
43 1
44 1
45 1
46 1
47 1
48 1
49 1
50 1
51 1
52 1
53 1
54 1
55 1
56 1
57 1
58 1
59 1
60 1
61 1
62 1
63 1
64 1
65 1
66 1
67 1
68 1
69 1
70 1
71 1
72 1
73 1
74 1
75 1
76 1
77 1
78 1
79 1
80 1
81 1
82 1
83 1
84 1
85 1
86 1
87 1
88 1
89 1
90 1
91 1
92 1
93 1
94 1
95 1
96 1
97 1
98 1
99 1
100 1
101 1
102 1
103 1
104 1
105 1
106 1
107 1
108 1
109 1
110 1
111 1
112 1
113 1
114 1
115 1
116 1
117 1
118 1
119 1
120 1
121 1
122 1
123 1
124 1
125 1
126 1
127 1
128 1
129 1
130 1
131 1
132 1
133 1
134 1
135 1
136 1
137 1
138 1
139 1
140 1
141 1
142 1
143 1
144 1
145 1
146 1
147 1
148 1
149 1
150 1
151 1
152 1
153 1
154 1
155 1
156 1
157 1
158 1
159 1
160 1
161 1
162 1
163 1
164 1
165 1
166 1
167 1
168 1
169 1
170 1
171 1
172 1
173 1
174 1
175 1
176 1
177 1
178 1
179 1
180 1
181 1
182 1
183 1
184 1
185 1
186 1
187 1
188 1
189 1
190 1
191 1
192 1
193 1
194 1
195 1
196 1
197 1
198 1
199 1
200 1
201 1
202 1
203 1
204 1
205 1
206 1
207 1
208 1
209 1
210 1
211 1
212 1
213 1
214 1
215 1
216 1
217 1
218 1
219 1
220 1
221 1
222 1
223 1
224 1
225 1
226 1
227 1
228 1
229 1
230 1
231 1
232 1
233 1
234 1
235 1
236 1
237 1
238 1
239 1
240 1
241 1
242 1
243 1
244 1
245 1
246 1
247 1
248 1
249 1
250 1
251 1
252 1
253 1
254 1
255 1
256 1
257 1
258 1
259 1
260 1
261 1
262 1
263 1
264 1
265 1
266 1
267 1
268 1
269 1
270 1
271 1
272 1
273 1
274 1
275 1
276 1
277 1
278 1
279 1
280 1
281 1
282 1
283 1
284 1
285 1
286 1
287 1
288 1
289 1
290 1
291 1
292 1
293 1
294 1
295 1
296 1
297 1
298 1
299 1
300 1
301 1
302 1
303 1
304 1
305 1
306 1
307 1
308 1
309 1
310 1
311 1
312 1
313 1
314 1
315 1
316 1
317 1
318 1
319 1
320 1
0 0
1 0
2 0
3 0
4 0
5 0
6 0
7 0
8 0
9 0
10 0
11 0
12 0
13 0
14 0
15 0
16 0
17 0
18 0
19 0
20 0
21 0
22 0
23 0
24 0
25 0
26 0
27 0
28 0
29 0
30 0
31 0
32 0
33 0
34 0
35 0
36 0
37 0
38 0
39 0
40 0
41 0
42 0
43 1
44 1
45 1
46 1
47 0
48 0
49 0
50 0
51 1
52 1
53 1
54 1
55 1
56 1
57 1
58 1
59 1
60 1
61 1
62 1
63 1
64 1
65 1
66 0
67 0
68 1
69 0
70 0
71 1
72 2
73 2
74 0
75 1
76 1
77 1
78 1
79 1
80 1
81 1
82 1
83 1
84 1
85 1
86 1
87 1
88 1
89 1
90 1
91 1
92 1
93 1
94 1
95 1
96 1
97 1
98 1
99 1
100 1
101 1
102 1
103 1
104 1
105 1
106 1
107 1
108 1
109 4
110 1
111 2
112 2
113 1
114 1
115 3
116 2
117 3
118 2
119 2
120 1
121 1
122 1
123 1
124 1
125 1
126 1
127 1
128 1
129 1
130 1
131 1
132 1
133 1
134 1
135 1
136 1
137 1
138 1
139 1
140 1
141 1
142 1
143 1
144 1
145 1
146 1
147 1
148 1
149 1
150 1
151 1
152 1
153 1
154 1
155 1
156 1
157 1
158 1
159 1
160 1
161 1
162 5
163 2
164 2
165 2
166 2
167 3
168 3
169 4
170 4
171 2
172 2
173 1
174 1
175 1
176 1
177 1
178 1
179 1
180 1
181 1
182 1
183 1
184 1
185 1
186 1
187 1
188 1
189 1
190 1
191 1
192 1
193 1
194 1
195 1
196 1
197 1
198 1
199 1
200 1
201 1
202 1
203 1
204 1
205 1
206 1
207 1
208 1
209 1
210 1
211 1
212 1
213 1
214 1
215 5
216 2
217 2
218 2
219 2
220 3
221 3
222 4
223 4
224 2
225 2
226 1
227 1
228 1
229 1
230 1
231 1
232 1
233 1
234 1
235 1
236 1
237 1
238 1
239 1
240 1
241 1
242 1
243 1
244 1
245 1
246 1
247 1
248 1
249 1
250 1
251 1
252 1
253 1
254 1
255 1
256 1
257 1
258 1
259 1
260 1
261 1
262 1
263 1
264 1
265 1
266 1
267 1
268 5
269 2
270 2
271 2
272 2
273 3
274 3
275 4
276 4
277 2
278 2
279 1
280 1
281 1
282 1
283 1
284 1
285 1
286 1
287 1
288 1
289 1
290 1
291 1
292 1
293 1
294 1
295 1
296 1
297 1
298 1
299 1
300 1
301 1
302 1
303 1
304 1
305 1
306 1
307 1
308 1
309 1
310 1
311 1
312 1
313 1
314 1
315 1
316 1
317 1
318 1
319 1
320 1
321 5
322 2
323 2
324 2
325 2
326 3
327 3
328 4
329 4
330 2
331 2
0 0
0 75
0 120
0 173
0 226
0 279
1 1
1 76
1 121
1 174
1 227
1 280
2 2
2 77
2 122
2 175
2 228
2 281
3 3
3 123
3 176
3 229
3 282
4 4
4 51
4 78
4 124
4 177
4 230
4 283
5 5
5 79
5 125
5 178
5 231
5 284
6 6
6 43
6 52
6 80
6 126
6 179
6 232
6 285
7 7
7 81
7 127
7 180
7 233
7 286
8 8
8 128
8 181
8 234
8 287
9 9
9 82
9 129
9 182
9 235
9 288
10 10
10 44
10 53
10 83
10 130
10 183
10 236
10 289
11 11
11 54
11 84
11 131
11 184
11 237
11 290
12 12
12 85
12 132
12 185
12 238
12 291
13 13
13 86
13 133
13 186
13 239
13 292
14 14
14 55
14 87
14 134
14 187
14 240
14 293
15 15
15 135
15 188
15 241
15 294
16 16
16 88
16 136
16 189
16 242
16 295
17 17
17 89
17 137
17 190
17 243
17 296
18 18
18 138
18 191
18 244
18 297
19 19
19 90
19 139
19 192
19 245
19 298
20 20
20 140
20 193
20 246
20 299
21 21
21 56
21 91
21 141
21 194
21 247
21 300
22 22
22 57
22 92
22 142
22 195
22 248
22 301
23 23
23 93
23 143
23 196
23 249
23 302
24 24
24 58
24 94
24 144
24 197
24 250
24 303
25 25
25 95
25 145
25 198
25 251
25 304
26 26
26 96
26 146
26 199
26 252
26 305
27 27
27 147
27 200
27 253
27 306
28 28
28 97
28 148
28 201
28 254
28 307
29 29
29 149
29 202
29 255
29 308
30 30
30 98
30 150
30 203
30 256
30 309
31 31
31 99
31 151
31 204
31 257
31 310
32 32
32 45
32 59
32 100
32 152
32 205
32 258
32 311
33 33
33 60
33 101
33 153
33 206
33 259
33 312
34 34
34 154
34 207
34 260
34 313
35 35
35 61
35 102
35 155
35 208
35 261
35 314
36 36
36 46
36 62
36 103
36 156
36 209
36 262
36 315
37 37
37 63
37 104
37 157
37 210
37 263
37 316
38 38
38 64
38 105
38 158
38 211
38 264
38 317
39 39
39 106
39 159
39 212
39 265
39 318
40 40
40 65
40 107
40 160
40 213
40 266
40 319
41 41
41 108
41 161
41 214
41 267
41 320
42 42
42 43
42 44
42 45
42 46
43 43
43 47
44 44
44 48
45 45
45 49
46 46
46 50
47 47
47 52
47 53
47 59
47 62
48 48
48 54
48 57
48 60
49 49
49 55
49 61
49 63
50 50
50 51
50 56
50 58
50 64
50 65
51 51
51 66
52 52
52 67
53 53
53 68
54 54
54 68
55 55
55 69
56 56
56 70
57 57
57 71
58 58
58 71
59 59
59 72
60 60
60 72
61 61
61 72
62 62
62 73
63 63
63 73
64 64
64 73
65 65
65 74
66 66
66 75
66 82
66 85
66 96
66 99
67 67
67 80
67 83
67 100
67 103
68 68
68 84
68 92
68 101
69 69
69 76
69 86
70 70
70 77
70 88
70 90
70 97
71 71
71 81
71 89
71 93
71 106
72 72
72 87
72 102
72 104
73 73
73 78
73 91
73 94
73 105
73 107
74 74
74 79
74 95
74 98
74 108
75 75
75 109
76 76
76 109
77 77
77 109
78 78
78 109
79 79
79 109
80 80
80 110
81 81
81 110
82 82
82 111
83 83
83 111
84 84
84 111
85 85
85 112
86 86
86 112
87 87
87 112
88 88
88 113
89 89
89 113
90 90
90 114
91 91
91 114
92 92
92 115
93 93
93 115
94 94
94 115
95 95
95 115
96 96
96 116
97 97
97 116
98 98
98 116
99 99
99 117
100 100
100 117
101 101
101 117
102 102
102 117
103 103
103 118
104 104
104 118
105 105
105 118
106 106
106 119
107 107
107 119
108 108
108 119
109 109
109 120
109 129
109 132
109 146
109 151
110 110
110 126
110 130
110 152
110 156
111 111
111 131
111 142
111 153
112 112
112 121
112 133
113 113
113 135
113 138
113 147
113 154
114 114
114 122
114 136
114 139
114 148
115 115
115 127
115 137
115 143
115 159
116 116
116 123
116 128
116 140
116 149
117 117
117 134
117 155
117 157
118 118
118 124
118 141
118 144
118 158
118 160
119 119
119 125
119 145
119 150
119 161
120 120
120 162
121 121
121 162
122 122
122 162
123 123
123 162
124 124
124 162
125 125
125 162
126 126
126 163
127 127
127 163
128 128
128 163
129 129
129 164
130 130
130 164
131 131
131 164
132 132
132 165
133 133
133 165
134 134
134 165
135 135
135 166
136 136
136 166
137 137
137 166
138 138
138 167
139 139
139 167
140 140
140 167
141 141
141 167
142 142
142 168
143 143
143 168
144 144
144 168
145 145
145 168
146 146
146 169
147 147
147 169
148 148
148 169
149 149
149 169
150 150
150 169
151 151
151 170
152 152
152 170
153 153
153 170
154 154
154 170
155 155
155 170
156 156
156 171
157 157
157 171
158 158
158 171
159 159
159 172
160 160
160 172
161 161
161 172
162 162
162 173
162 182
162 185
162 199
162 204
163 163
163 179
163 183
163 205
163 209
164 164
164 184
164 195
164 206
165 165
165 174
165 186
166 166
166 188
166 191
166 200
166 207
167 167
167 175
167 189
167 192
167 201
168 168
168 180
168 190
168 196
168 212
169 169
169 176
169 181
169 193
169 202
170 170
170 187
170 208
170 210
171 171
171 177
171 194
171 197
171 211
171 213
172 172
172 178
172 198
172 203
172 214
173 173
173 215
174 174
174 215
175 175
175 215
176 176
176 215
177 177
177 215
178 178
178 215
179 179
179 216
180 180
180 216
181 181
181 216
182 182
182 217
183 183
183 217
184 184
184 217
185 185
185 218
186 186
186 218
187 187
187 218
188 188
188 219
189 189
189 219
190 190
190 219
191 191
191 220
192 192
192 220
193 193
193 220
194 194
194 220
195 195
195 221
196 196
196 221
197 197
197 221
198 198
198 221
199 199
199 222
200 200
200 222
201 201
201 222
202 202
202 222
203 203
203 222
204 204
204 223
205 205
205 223
206 206
206 223
207 207
207 223
208 208
208 223
209 209
209 224
210 210
210 224
211 211
211 224
212 212
212 225
213 213
213 225
214 214
214 225
215 215
215 226
215 235
215 238
215 252
215 257
216 216
216 232
216 236
216 258
216 262
217 217
217 237
217 248
217 259
218 218
218 227
218 239
219 219
219 241
219 244
219 253
219 260
220 220
220 228
220 242
220 245
220 254
221 221
221 233
221 243
221 249
221 265
222 222
222 229
222 234
222 246
222 255
223 223
223 240
223 261
223 263
224 224
224 230
224 247
224 250
224 264
224 266
225 225
225 231
225 251
225 256
225 267
226 226
226 268
227 227
227 268
228 228
228 268
229 229
229 268
230 230
230 268
231 231
231 268
232 232
232 269
233 233
233 269
234 234
234 269
235 235
235 270
236 236
236 270
237 237
237 270
238 238
238 271
239 239
239 271
240 240
240 271
241 241
241 272
242 242
242 272
243 243
243 272
244 244
244 273
245 245
245 273
246 246
246 273
247 247
247 273
248 248
248 274
249 249
249 274
250 250
250 274
251 251
251 274
252 252
252 275
253 253
253 275
254 254
254 275
255 255
255 275
256 256
256 275
257 257
257 276
258 258
258 276
259 259
259 276
260 260
260 276
261 261
261 276
262 262
262 277
263 263
263 277
264 264
264 277
265 265
265 278
266 266
266 278
267 267
267 278
268 268
268 279
268 288
268 291
268 305
268 310
269 269
269 285
269 289
269 311
269 315
270 270
270 290
270 301
270 312
271 271
271 280
271 292
272 272
272 294
272 297
272 306
272 313
273 273
273 281
273 295
273 298
273 307
274 274
274 286
274 296
274 302
274 318
275 275
275 282
275 287
275 299
275 308
276 276
276 293
276 314
276 316
277 277
277 283
277 300
277 303
277 317
277 319
278 278
278 284
278 304
278 309
278 320
279 279
279 321
280 280
280 321
281 281
281 321
282 282
282 321
283 283
283 321
284 284
284 321
285 285
285 322
286 286
286 322
287 287
287 322
288 288
288 323
289 289
289 323
290 290
290 323
291 291
291 324
292 292
292 324
293 293
293 324
294 294
294 325
295 295
295 325
296 296
296 325
297 297
297 326
298 298
298 326
299 299
299 326
300 300
300 326
301 301
301 327
302 302
302 327
303 303
303 327
304 304
304 327
305 305
305 328
306 306
306 328
307 307
307 328
308 308
308 328
309 309
309 328
310 310
310 329
311 311
311 329
312 312
312 329
313 313
313 329
314 314
314 329
315 315
315 330
316 316
316 330
317 317
317 330
318 318
318 331
319 319
319 331
320 320
320 331
