%HyperDAG model of naive implementation of 12 iterations of kNN, starting from node number 20 (i.e. sparse vector with 1 entry).
%The probability for having a nonzero in any cell of matrix A is 0.10, and the main diagonal is set to 1.
1249 1275 3967
0 1
1 1
2 1
3 1
4 1
5 1
6 1
7 1
8 1
9 1
10 1
11 1
12 1
13 1
14 1
15 1
16 1
17 1
18 1
19 1
20 1
21 1
22 1
23 1
24 1
25 1
26 1
27 1
28 1
29 1
30 1
31 1
32 1
33 1
34 1
35 1
36 1
37 1
38 1
39 1
40 1
41 1
42 1
43 1
44 1
45 1
46 1
47 1
48 1
49 1
50 1
51 1
52 1
53 1
54 1
55 1
56 1
57 1
58 1
59 1
60 1
61 1
62 1
63 1
64 1
65 1
66 1
67 1
68 1
69 1
70 1
71 1
72 1
73 1
74 1
75 1
76 1
77 1
78 1
79 1
80 1
81 1
82 1
83 1
84 1
85 1
86 1
87 1
88 1
89 1
90 1
91 1
92 1
93 1
94 1
95 1
96 1
97 1
98 1
99 1
100 1
101 1
102 1
103 1
104 1
105 1
106 1
107 1
108 1
109 1
110 1
111 1
112 1
113 1
114 1
115 1
116 1
117 1
118 1
119 1
120 1
121 1
122 1
123 1
124 1
125 1
126 1
127 1
128 1
129 1
130 1
131 1
132 1
133 1
134 1
135 1
136 1
137 1
138 1
139 1
140 1
141 1
142 1
143 1
144 1
145 1
146 1
147 1
148 1
149 1
150 1
151 1
152 1
153 1
154 1
155 1
156 1
157 1
158 1
159 1
160 1
161 1
162 1
163 1
164 1
165 1
166 1
167 1
168 1
169 1
170 1
171 1
172 1
173 1
174 1
175 1
176 1
177 1
178 1
179 1
180 1
181 1
182 1
183 1
184 1
185 1
186 1
187 1
188 1
189 1
190 1
191 1
192 1
193 1
194 1
195 1
196 1
197 1
198 1
199 1
200 1
201 1
202 1
203 1
204 1
205 1
206 1
207 1
208 1
209 1
210 1
211 1
212 1
213 1
214 1
215 1
216 1
217 1
218 1
219 1
220 1
221 1
222 1
223 1
224 1
225 1
226 1
227 1
228 1
229 1
230 1
231 1
232 1
233 1
234 1
235 1
236 1
237 1
238 1
239 1
240 1
241 1
242 1
243 1
244 1
245 1
246 1
247 1
248 1
249 1
250 1
251 1
252 1
253 1
254 1
255 1
256 1
257 1
258 1
259 1
260 1
261 1
262 1
263 1
264 1
265 1
266 1
267 1
268 1
269 1
270 1
271 1
272 1
273 1
274 1
275 1
276 1
277 1
278 1
279 1
280 1
281 1
282 1
283 1
284 1
285 1
286 1
287 1
288 1
289 1
290 1
291 1
292 1
293 1
294 1
295 1
296 1
297 1
298 1
299 1
300 1
301 1
302 1
303 1
304 1
305 1
306 1
307 1
308 1
309 1
310 1
311 1
312 1
313 1
314 1
315 1
316 1
317 1
318 1
319 1
320 1
321 1
322 1
323 1
324 1
325 1
326 1
327 1
328 1
329 1
330 1
331 1
332 1
333 1
334 1
335 1
336 1
337 1
338 1
339 1
340 1
341 1
342 1
343 1
344 1
345 1
346 1
347 1
348 1
349 1
350 1
351 1
352 1
353 1
354 1
355 1
356 1
357 1
358 1
359 1
360 1
361 1
362 1
363 1
364 1
365 1
366 1
367 1
368 1
369 1
370 1
371 1
372 1
373 1
374 1
375 1
376 1
377 1
378 1
379 1
380 1
381 1
382 1
383 1
384 1
385 1
386 1
387 1
388 1
389 1
390 1
391 1
392 1
393 1
394 1
395 1
396 1
397 1
398 1
399 1
400 1
401 1
402 1
403 1
404 1
405 1
406 1
407 1
408 1
409 1
410 1
411 1
412 1
413 1
414 1
415 1
416 1
417 1
418 1
419 1
420 1
421 1
422 1
423 1
424 1
425 1
426 1
427 1
428 1
429 1
430 1
431 1
432 1
433 1
434 1
435 1
436 1
437 1
438 1
439 1
440 1
441 1
442 1
443 1
444 1
445 1
446 1
447 1
448 1
449 1
450 1
451 1
452 1
453 1
454 1
455 1
456 1
457 1
458 1
459 1
460 1
461 1
462 1
463 1
464 1
465 1
466 1
467 1
468 1
469 1
470 1
471 1
472 1
473 1
474 1
475 1
476 1
477 1
478 1
479 1
480 1
481 1
482 1
483 1
484 1
485 1
486 1
487 1
488 1
489 1
490 1
491 1
492 1
493 1
494 1
495 1
496 1
497 1
498 1
499 1
500 1
501 1
502 1
503 1
504 1
505 1
506 1
507 1
508 1
509 1
510 1
511 1
512 1
513 1
514 1
515 1
516 1
517 1
518 1
519 1
520 1
521 1
522 1
523 1
524 1
525 1
526 1
527 1
528 1
529 1
530 1
531 1
532 1
533 1
534 1
535 1
536 1
537 1
538 1
539 1
540 1
541 1
542 1
543 1
544 1
545 1
546 1
547 1
548 1
549 1
550 1
551 1
552 1
553 1
554 1
555 1
556 1
557 1
558 1
559 1
560 1
561 1
562 1
563 1
564 1
565 1
566 1
567 1
568 1
569 1
570 1
571 1
572 1
573 1
574 1
575 1
576 1
577 1
578 1
579 1
580 1
581 1
582 1
583 1
584 1
585 1
586 1
587 1
588 1
589 1
590 1
591 1
592 1
593 1
594 1
595 1
596 1
597 1
598 1
599 1
600 1
601 1
602 1
603 1
604 1
605 1
606 1
607 1
608 1
609 1
610 1
611 1
612 1
613 1
614 1
615 1
616 1
617 1
618 1
619 1
620 1
621 1
622 1
623 1
624 1
625 1
626 1
627 1
628 1
629 1
630 1
631 1
632 1
633 1
634 1
635 1
636 1
637 1
638 1
639 1
640 1
641 1
642 1
643 1
644 1
645 1
646 1
647 1
648 1
649 1
650 1
651 1
652 1
653 1
654 1
655 1
656 1
657 1
658 1
659 1
660 1
661 1
662 1
663 1
664 1
665 1
666 1
667 1
668 1
669 1
670 1
671 1
672 1
673 1
674 1
675 1
676 1
677 1
678 1
679 1
680 1
681 1
682 1
683 1
684 1
685 1
686 1
687 1
688 1
689 1
690 1
691 1
692 1
693 1
694 1
695 1
696 1
697 1
698 1
699 1
700 1
701 1
702 1
703 1
704 1
705 1
706 1
707 1
708 1
709 1
710 1
711 1
712 1
713 1
714 1
715 1
716 1
717 1
718 1
719 1
720 1
721 1
722 1
723 1
724 1
725 1
726 1
727 1
728 1
729 1
730 1
731 1
732 1
733 1
734 1
735 1
736 1
737 1
738 1
739 1
740 1
741 1
742 1
743 1
744 1
745 1
746 1
747 1
748 1
749 1
750 1
751 1
752 1
753 1
754 1
755 1
756 1
757 1
758 1
759 1
760 1
761 1
762 1
763 1
764 1
765 1
766 1
767 1
768 1
769 1
770 1
771 1
772 1
773 1
774 1
775 1
776 1
777 1
778 1
779 1
780 1
781 1
782 1
783 1
784 1
785 1
786 1
787 1
788 1
789 1
790 1
791 1
792 1
793 1
794 1
795 1
796 1
797 1
798 1
799 1
800 1
801 1
802 1
803 1
804 1
805 1
806 1
807 1
808 1
809 1
810 1
811 1
812 1
813 1
814 1
815 1
816 1
817 1
818 1
819 1
820 1
821 1
822 1
823 1
824 1
825 1
826 1
827 1
828 1
829 1
830 1
831 1
832 1
833 1
834 1
835 1
836 1
837 1
838 1
839 1
840 1
841 1
842 1
843 1
844 1
845 1
846 1
847 1
848 1
849 1
850 1
851 1
852 1
853 1
854 1
855 1
856 1
857 1
858 1
859 1
860 1
861 1
862 1
863 1
864 1
865 1
866 1
867 1
868 1
869 1
870 1
871 1
872 1
873 1
874 1
875 1
876 1
877 1
878 1
879 1
880 1
881 1
882 1
883 1
884 1
885 1
886 1
887 1
888 1
889 1
890 1
891 1
892 1
893 1
894 1
895 1
896 1
897 1
898 1
899 1
900 1
901 1
902 1
903 1
904 1
905 1
906 1
907 1
908 1
909 1
910 1
911 1
912 1
913 1
914 1
915 1
916 1
917 1
918 1
919 1
920 1
921 1
922 1
923 1
924 1
925 1
926 1
927 1
928 1
929 1
930 1
931 1
932 1
933 1
934 1
935 1
936 1
937 1
938 1
939 1
940 1
941 1
942 1
943 1
944 1
945 1
946 1
947 1
948 1
949 1
950 1
951 1
952 1
953 1
954 1
955 1
956 1
957 1
958 1
959 1
960 1
961 1
962 1
963 1
964 1
965 1
966 1
967 1
968 1
969 1
970 1
971 1
972 1
973 1
974 1
975 1
976 1
977 1
978 1
979 1
980 1
981 1
982 1
983 1
984 1
985 1
986 1
987 1
988 1
989 1
990 1
991 1
992 1
993 1
994 1
995 1
996 1
997 1
998 1
999 1
1000 1
1001 1
1002 1
1003 1
1004 1
1005 1
1006 1
1007 1
1008 1
1009 1
1010 1
1011 1
1012 1
1013 1
1014 1
1015 1
1016 1
1017 1
1018 1
1019 1
1020 1
1021 1
1022 1
1023 1
1024 1
1025 1
1026 1
1027 1
1028 1
1029 1
1030 1
1031 1
1032 1
1033 1
1034 1
1035 1
1036 1
1037 1
1038 1
1039 1
1040 1
1041 1
1042 1
1043 1
1044 1
1045 1
1046 1
1047 1
1048 1
1049 1
1050 1
1051 1
1052 1
1053 1
1054 1
1055 1
1056 1
1057 1
1058 1
1059 1
1060 1
1061 1
1062 1
1063 1
1064 1
1065 1
1066 1
1067 1
1068 1
1069 1
1070 1
1071 1
1072 1
1073 1
1074 1
1075 1
1076 1
1077 1
1078 1
1079 1
1080 1
1081 1
1082 1
1083 1
1084 1
1085 1
1086 1
1087 1
1088 1
1089 1
1090 1
1091 1
1092 1
1093 1
1094 1
1095 1
1096 1
1097 1
1098 1
1099 1
1100 1
1101 1
1102 1
1103 1
1104 1
1105 1
1106 1
1107 1
1108 1
1109 1
1110 1
1111 1
1112 1
1113 1
1114 1
1115 1
1116 1
1117 1
1118 1
1119 1
1120 1
1121 1
1122 1
1123 1
1124 1
1125 1
1126 1
1127 1
1128 1
1129 1
1130 1
1131 1
1132 1
1133 1
1134 1
1135 1
1136 1
1137 1
1138 1
1139 1
1140 1
1141 1
1142 1
1143 1
1144 1
1145 1
1146 1
1147 1
1148 1
1149 1
1150 1
1151 1
1152 1
1153 1
1154 1
1155 1
1156 1
1157 1
1158 1
1159 1
1160 1
1161 1
1162 1
1163 1
1164 1
1165 1
1166 1
1167 1
1168 1
1169 1
1170 1
1171 1
1172 1
1173 1
1174 1
1175 1
1176 1
1177 1
1178 1
1179 1
1180 1
1181 1
1182 1
1183 1
1184 1
1185 1
1186 1
1187 1
1188 1
1189 1
1190 1
1191 1
1192 1
1193 1
1194 1
1195 1
1196 1
1197 1
1198 1
1199 1
1200 1
1201 1
1202 1
1203 1
1204 1
1205 1
1206 1
1207 1
1208 1
1209 1
1210 1
1211 1
1212 1
1213 1
1214 1
1215 1
1216 1
1217 1
1218 1
1219 1
1220 1
1221 1
1222 1
1223 1
1224 1
1225 1
1226 1
1227 1
1228 1
1229 1
1230 1
1231 1
1232 1
1233 1
1234 1
1235 1
1236 1
1237 1
1238 1
1239 1
1240 1
1241 1
1242 1
1243 1
1244 1
1245 1
1246 1
1247 1
1248 1
0 0
1 0
2 0
3 0
4 0
5 0
6 0
7 0
8 0
9 0
10 0
11 0
12 0
13 0
14 0
15 0
16 0
17 0
18 0
19 0
20 0
21 0
22 0
23 0
24 0
25 0
26 0
27 0
28 0
29 0
30 0
31 0
32 0
33 0
34 0
35 0
36 0
37 0
38 0
39 0
40 0
41 0
42 0
43 0
44 0
45 0
46 0
47 0
48 0
49 0
50 0
51 0
52 0
53 0
54 0
55 0
56 0
57 0
58 0
59 0
60 0
61 0
62 0
63 0
64 0
65 0
66 0
67 0
68 0
69 0
70 0
71 0
72 0
73 0
74 0
75 0
76 0
77 0
78 0
79 0
80 0
81 0
82 0
83 0
84 0
85 0
86 0
87 0
88 0
89 0
90 0
91 0
92 0
93 0
94 0
95 1
96 1
97 1
98 1
99 0
100 0
101 0
102 0
103 1
104 1
105 1
106 1
107 1
108 1
109 1
110 1
111 1
112 1
113 1
114 1
115 1
116 1
117 1
118 1
119 1
120 1
121 0
122 0
123 0
124 0
125 0
126 1
127 0
128 0
129 0
130 1
131 1
132 0
133 1
134 1
135 1
136 1
137 1
138 1
139 1
140 1
141 1
142 1
143 1
144 1
145 1
146 1
147 1
148 1
149 1
150 1
151 1
152 1
153 1
154 1
155 1
156 1
157 1
158 1
159 1
160 1
161 1
162 1
163 1
164 1
165 1
166 1
167 1
168 1
169 1
170 1
171 1
172 1
173 1
174 1
175 1
176 1
177 1
178 1
179 1
180 1
181 1
182 1
183 0
184 3
185 2
186 0
187 2
188 0
189 0
190 0
191 0
192 0
193 2
194 1
195 4
196 1
197 3
198 0
199 2
200 2
201 1
202 1
203 2
204 1
205 0
206 1
207 1
208 1
209 1
210 1
211 1
212 1
213 1
214 1
215 1
216 1
217 1
218 1
219 1
220 1
221 1
222 1
223 1
224 1
225 1
226 1
227 1
228 1
229 1
230 1
231 1
232 1
233 1
234 1
235 1
236 1
237 1
238 1
239 1
240 1
241 1
242 1
243 1
244 1
245 1
246 1
247 1
248 1
249 1
250 1
251 1
252 1
253 1
254 1
255 1
256 1
257 1
258 1
259 1
260 1
261 1
262 1
263 1
264 1
265 1
266 1
267 1
268 1
269 1
270 1
271 1
272 1
273 1
274 1
275 1
276 1
277 1
278 1
279 1
280 1
281 1
282 1
283 1
284 1
285 1
286 1
287 1
288 1
289 1
290 4
291 2
292 1
293 5
294 1
295 2
296 1
297 3
298 2
299 0
300 3
301 2
302 4
303 1
304 4
305 0
306 2
307 0
308 4
309 2
310 1
311 3
312 4
313 2
314 3
315 1
316 1
317 1
318 1
319 1
320 1
321 1
322 1
323 1
324 1
325 1
326 1
327 1
328 1
329 1
330 1
331 1
332 1
333 1
334 1
335 1
336 1
337 1
338 1
339 1
340 1
341 1
342 1
343 1
344 1
345 1
346 1
347 1
348 1
349 1
350 1
351 1
352 1
353 1
354 1
355 1
356 1
357 1
358 1
359 1
360 1
361 1
362 1
363 1
364 1
365 1
366 1
367 1
368 1
369 1
370 1
371 1
372 1
373 1
374 1
375 1
376 1
377 1
378 1
379 1
380 1
381 1
382 1
383 1
384 1
385 1
386 1
387 1
388 1
389 1
390 1
391 1
392 1
393 1
394 1
395 1
396 1
397 1
398 1
399 1
400 1
401 1
402 1
403 1
404 1
405 1
406 1
407 1
408 1
409 1
410 4
411 2
412 2
413 7
414 2
415 2
416 1
417 3
418 2
419 1
420 3
421 2
422 5
423 1
424 4
425 0
426 2
427 1
428 4
429 2
430 2
431 4
432 5
433 3
434 3
435 1
436 1
437 1
438 1
439 1
440 1
441 1
442 1
443 1
444 1
445 1
446 1
447 1
448 1
449 1
450 1
451 1
452 1
453 1
454 1
455 1
456 1
457 1
458 1
459 1
460 1
461 1
462 1
463 1
464 1
465 1
466 1
467 1
468 1
469 1
470 1
471 1
472 1
473 1
474 1
475 1
476 1
477 1
478 1
479 1
480 1
481 1
482 1
483 1
484 1
485 1
486 1
487 1
488 1
489 1
490 1
491 1
492 1
493 1
494 1
495 1
496 1
497 1
498 1
499 1
500 1
501 1
502 1
503 1
504 1
505 1
506 1
507 1
508 1
509 1
510 1
511 1
512 1
513 1
514 1
515 1
516 1
517 1
518 1
519 1
520 1
521 1
522 1
523 1
524 1
525 1
526 1
527 1
528 1
529 1
530 4
531 2
532 2
533 7
534 2
535 2
536 1
537 3
538 2
539 1
540 3
541 2
542 5
543 1
544 4
545 0
546 2
547 1
548 4
549 2
550 2
551 4
552 5
553 3
554 3
555 1
556 1
557 1
558 1
559 1
560 1
561 1
562 1
563 1
564 1
565 1
566 1
567 1
568 1
569 1
570 1
571 1
572 1
573 1
574 1
575 1
576 1
577 1
578 1
579 1
580 1
581 1
582 1
583 1
584 1
585 1
586 1
587 1
588 1
589 1
590 1
591 1
592 1
593 1
594 1
595 1
596 1
597 1
598 1
599 1
600 1
601 1
602 1
603 1
604 1
605 1
606 1
607 1
608 1
609 1
610 1
611 1
612 1
613 1
614 1
615 1
616 1
617 1
618 1
619 1
620 1
621 1
622 1
623 1
624 1
625 1
626 1
627 1
628 1
629 1
630 1
631 1
632 1
633 1
634 1
635 1
636 1
637 1
638 1
639 1
640 1
641 1
642 1
643 1
644 1
645 1
646 1
647 1
648 1
649 1
650 4
651 2
652 2
653 7
654 2
655 2
656 1
657 3
658 2
659 1
660 3
661 2
662 5
663 1
664 4
665 0
666 2
667 1
668 4
669 2
670 2
671 4
672 5
673 3
674 3
675 1
676 1
677 1
678 1
679 1
680 1
681 1
682 1
683 1
684 1
685 1
686 1
687 1
688 1
689 1
690 1
691 1
692 1
693 1
694 1
695 1
696 1
697 1
698 1
699 1
700 1
701 1
702 1
703 1
704 1
705 1
706 1
707 1
708 1
709 1
710 1
711 1
712 1
713 1
714 1
715 1
716 1
717 1
718 1
719 1
720 1
721 1
722 1
723 1
724 1
725 1
726 1
727 1
728 1
729 1
730 1
731 1
732 1
733 1
734 1
735 1
736 1
737 1
738 1
739 1
740 1
741 1
742 1
743 1
744 1
745 1
746 1
747 1
748 1
749 1
750 1
751 1
752 1
753 1
754 1
755 1
756 1
757 1
758 1
759 1
760 1
761 1
762 1
763 1
764 1
765 1
766 1
767 1
768 1
769 1
770 4
771 2
772 2
773 7
774 2
775 2
776 1
777 3
778 2
779 1
780 3
781 2
782 5
783 1
784 4
785 0
786 2
787 1
788 4
789 2
790 2
791 4
792 5
793 3
794 3
795 1
796 1
797 1
798 1
799 1
800 1
801 1
802 1
803 1
804 1
805 1
806 1
807 1
808 1
809 1
810 1
811 1
812 1
813 1
814 1
815 1
816 1
817 1
818 1
819 1
820 1
821 1
822 1
823 1
824 1
825 1
826 1
827 1
828 1
829 1
830 1
831 1
832 1
833 1
834 1
835 1
836 1
837 1
838 1
839 1
840 1
841 1
842 1
843 1
844 1
845 1
846 1
847 1
848 1
849 1
850 1
851 1
852 1
853 1
854 1
855 1
856 1
857 1
858 1
859 1
860 1
861 1
862 1
863 1
864 1
865 1
866 1
867 1
868 1
869 1
870 1
871 1
872 1
873 1
874 1
875 1
876 1
877 1
878 1
879 1
880 1
881 1
882 1
883 1
884 1
885 1
886 1
887 1
888 1
889 1
890 4
891 2
892 2
893 7
894 2
895 2
896 1
897 3
898 2
899 1
900 3
901 2
902 5
903 1
904 4
905 0
906 2
907 1
908 4
909 2
910 2
911 4
912 5
913 3
914 3
915 1
916 1
917 1
918 1
919 1
920 1
921 1
922 1
923 1
924 1
925 1
926 1
927 1
928 1
929 1
930 1
931 1
932 1
933 1
934 1
935 1
936 1
937 1
938 1
939 1
940 1
941 1
942 1
943 1
944 1
945 1
946 1
947 1
948 1
949 1
950 1
951 1
952 1
953 1
954 1
955 1
956 1
957 1
958 1
959 1
960 1
961 1
962 1
963 1
964 1
965 1
966 1
967 1
968 1
969 1
970 1
971 1
972 1
973 1
974 1
975 1
976 1
977 1
978 1
979 1
980 1
981 1
982 1
983 1
984 1
985 1
986 1
987 1
988 1
989 1
990 1
991 1
992 1
993 1
994 1
995 1
996 1
997 1
998 1
999 1
1000 1
1001 1
1002 1
1003 1
1004 1
1005 1
1006 1
1007 1
1008 1
1009 1
1010 4
1011 2
1012 2
1013 7
1014 2
1015 2
1016 1
1017 3
1018 2
1019 1
1020 3
1021 2
1022 5
1023 1
1024 4
1025 0
1026 2
1027 1
1028 4
1029 2
1030 2
1031 4
1032 5
1033 3
1034 3
1035 1
1036 1
1037 1
1038 1
1039 1
1040 1
1041 1
1042 1
1043 1
1044 1
1045 1
1046 1
1047 1
1048 1
1049 1
1050 1
1051 1
1052 1
1053 1
1054 1
1055 1
1056 1
1057 1
1058 1
1059 1
1060 1
1061 1
1062 1
1063 1
1064 1
1065 1
1066 1
1067 1
1068 1
1069 1
1070 1
1071 1
1072 1
1073 1
1074 1
1075 1
1076 1
1077 1
1078 1
1079 1
1080 1
1081 1
1082 1
1083 1
1084 1
1085 1
1086 1
1087 1
1088 1
1089 1
1090 1
1091 1
1092 1
1093 1
1094 1
1095 1
1096 1
1097 1
1098 1
1099 1
1100 1
1101 1
1102 1
1103 1
1104 1
1105 1
1106 1
1107 1
1108 1
1109 1
1110 1
1111 1
1112 1
1113 1
1114 1
1115 1
1116 1
1117 1
1118 1
1119 1
1120 1
1121 1
1122 1
1123 1
1124 1
1125 1
1126 1
1127 1
1128 1
1129 1
1130 4
1131 2
1132 2
1133 7
1134 2
1135 2
1136 1
1137 3
1138 2
1139 1
1140 3
1141 2
1142 5
1143 1
1144 4
1145 0
1146 2
1147 1
1148 4
1149 2
1150 2
1151 4
1152 5
1153 3
1154 3
1155 1
1156 1
1157 1
1158 1
1159 1
1160 1
1161 1
1162 1
1163 1
1164 1
1165 1
1166 1
1167 1
1168 1
1169 1
1170 1
1171 1
1172 1
1173 1
1174 1
1175 1
1176 1
1177 1
1178 1
1179 1
1180 1
1181 1
1182 1
1183 1
1184 1
1185 1
1186 1
1187 1
1188 1
1189 1
1190 1
1191 1
1192 1
1193 1
1194 1
1195 1
1196 1
1197 1
1198 1
1199 1
1200 1
1201 1
1202 1
1203 1
1204 1
1205 1
1206 1
1207 1
1208 1
1209 1
1210 1
1211 1
1212 1
1213 1
1214 1
1215 1
1216 1
1217 1
1218 1
1219 1
1220 1
1221 1
1222 1
1223 1
1224 1
1225 1
1226 1
1227 1
1228 1
1229 1
1230 1
1231 1
1232 1
1233 1
1234 1
1235 1
1236 1
1237 1
1238 1
1239 1
1240 1
1241 1
1242 1
1243 1
1244 1
1245 1
1246 1
1247 1
1248 1
1249 1
1250 4
1251 2
1252 2
1253 7
1254 2
1255 2
1256 1
1257 3
1258 2
1259 1
1260 3
1261 2
1262 5
1263 1
1264 4
1265 0
1266 2
1267 1
1268 4
1269 2
1270 2
1271 4
1272 5
1273 3
1274 3
0 0
0 206
0 315
0 435
0 555
0 675
0 795
0 915
0 1035
0 1155
1 1
1 133
1 207
1 316
1 436
1 556
1 676
1 796
1 916
1 1036
1 1156
2 2
2 103
2 134
2 208
2 317
2 437
2 557
2 677
2 797
2 917
2 1037
2 1157
3 3
3 95
3 104
3 135
3 209
3 318
3 438
3 558
3 678
3 798
3 918
3 1038
3 1158
4 4
4 136
4 210
4 319
4 439
4 559
4 679
4 799
4 919
4 1039
4 1159
5 5
5 137
5 211
5 320
5 440
5 560
5 680
5 800
5 920
5 1040
5 1160
6 6
6 212
6 321
6 441
6 561
6 681
6 801
6 921
6 1041
6 1161
7 7
7 105
7 138
7 213
7 322
7 442
7 562
7 682
7 802
7 922
7 1042
7 1162
8 8
8 139
8 214
8 323
8 443
8 563
8 683
8 803
8 923
8 1043
8 1163
9 9
9 140
9 215
9 324
9 444
9 564
9 684
9 804
9 924
9 1044
9 1164
10 10
10 216
10 325
10 445
10 565
10 685
10 805
10 925
10 1045
10 1165
11 11
11 326
11 446
11 566
11 686
11 806
11 926
11 1046
11 1166
12 12
12 141
12 217
12 327
12 447
12 567
12 687
12 807
12 927
12 1047
12 1167
13 13
13 218
13 328
13 448
13 568
13 688
13 808
13 928
13 1048
13 1168
14 14
14 219
14 329
14 449
14 569
14 689
14 809
14 929
14 1049
14 1169
15 15
15 220
15 330
15 450
15 570
15 690
15 810
15 930
15 1050
15 1170
16 16
16 331
16 451
16 571
16 691
16 811
16 931
16 1051
16 1171
17 17
17 142
17 221
17 332
17 452
17 572
17 692
17 812
17 932
17 1052
17 1172
18 18
18 333
18 453
18 573
18 693
18 813
18 933
18 1053
18 1173
19 19
19 143
19 222
19 334
19 454
19 574
19 694
19 814
19 934
19 1054
19 1174
20 20
20 144
20 223
20 335
20 455
20 575
20 695
20 815
20 935
20 1055
20 1175
21 21
21 224
21 336
21 456
21 576
21 696
21 816
21 936
21 1056
21 1176
22 22
22 337
22 457
22 577
22 697
22 817
22 937
22 1057
22 1177
23 23
23 145
23 225
23 338
23 458
23 578
23 698
23 818
23 938
23 1058
23 1178
24 24
24 226
24 339
24 459
24 579
24 699
24 819
24 939
24 1059
24 1179
25 25
25 227
25 340
25 460
25 580
25 700
25 820
25 940
25 1060
25 1180
26 26
26 146
26 228
26 341
26 461
26 581
26 701
26 821
26 941
26 1061
26 1181
27 27
27 229
27 342
27 462
27 582
27 702
27 822
27 942
27 1062
27 1182
28 28
28 147
28 230
28 343
28 463
28 583
28 703
28 823
28 943
28 1063
28 1183
29 29
29 231
29 344
29 464
29 584
29 704
29 824
29 944
29 1064
29 1184
30 30
30 232
30 345
30 465
30 585
30 705
30 825
30 945
30 1065
30 1185
31 31
31 233
31 346
31 466
31 586
31 706
31 826
31 946
31 1066
31 1186
32 32
32 148
32 234
32 347
32 467
32 587
32 707
32 827
32 947
32 1067
32 1187
33 33
33 235
33 348
33 468
33 588
33 708
33 828
33 948
33 1068
33 1188
34 34
34 149
34 236
34 349
34 469
34 589
34 709
34 829
34 949
34 1069
34 1189
35 35
35 237
35 350
35 470
35 590
35 710
35 830
35 950
35 1070
35 1190
36 36
36 351
36 471
36 591
36 711
36 831
36 951
36 1071
36 1191
37 37
37 238
37 352
37 472
37 592
37 712
37 832
37 952
37 1072
37 1192
38 38
38 239
38 353
38 473
38 593
38 713
38 833
38 953
38 1073
38 1193
39 39
39 150
39 240
39 354
39 474
39 594
39 714
39 834
39 954
39 1074
39 1194
40 40
40 151
40 241
40 355
40 475
40 595
40 715
40 835
40 955
40 1075
40 1195
41 41
41 106
41 152
41 242
41 356
41 476
41 596
41 716
41 836
41 956
41 1076
41 1196
42 42
42 243
42 357
42 477
42 597
42 717
42 837
42 957
42 1077
42 1197
43 43
43 153
43 244
43 358
43 478
43 598
43 718
43 838
43 958
43 1078
43 1198
44 44
44 107
44 154
44 245
44 359
44 479
44 599
44 719
44 839
44 959
44 1079
44 1199
45 45
45 108
45 155
45 246
45 360
45 480
45 600
45 720
45 840
45 960
45 1080
45 1200
46 46
46 156
46 247
46 361
46 481
46 601
46 721
46 841
46 961
46 1081
46 1201
47 47
47 157
47 248
47 362
47 482
47 602
47 722
47 842
47 962
47 1082
47 1202
48 48
48 158
48 249
48 363
48 483
48 603
48 723
48 843
48 963
48 1083
48 1203
49 49
49 159
49 250
49 364
49 484
49 604
49 724
49 844
49 964
49 1084
49 1204
50 50
50 365
50 485
50 605
50 725
50 845
50 965
50 1085
50 1205
51 51
51 160
51 251
51 366
51 486
51 606
51 726
51 846
51 966
51 1086
51 1206
52 52
52 109
52 161
52 252
52 367
52 487
52 607
52 727
52 847
52 967
52 1087
52 1207
53 53
53 162
53 253
53 368
53 488
53 608
53 728
53 848
53 968
53 1088
53 1208
54 54
54 254
54 369
54 489
54 609
54 729
54 849
54 969
54 1089
54 1209
55 55
55 110
55 163
55 255
55 370
55 490
55 610
55 730
55 850
55 970
55 1090
55 1210
56 56
56 96
56 111
56 164
56 256
56 371
56 491
56 611
56 731
56 851
56 971
56 1091
56 1211
57 57
57 165
57 257
57 372
57 492
57 612
57 732
57 852
57 972
57 1092
57 1212
58 58
58 97
58 112
58 166
58 258
58 373
58 493
58 613
58 733
58 853
58 973
58 1093
58 1213
59 59
59 167
59 259
59 374
59 494
59 614
59 734
59 854
59 974
59 1094
59 1214
60 60
60 113
60 168
60 260
60 375
60 495
60 615
60 735
60 855
60 975
60 1095
60 1215
61 61
61 169
61 261
61 376
61 496
61 616
61 736
61 856
61 976
61 1096
61 1216
62 62
62 377
62 497
62 617
62 737
62 857
62 977
62 1097
62 1217
63 63
63 262
63 378
63 498
63 618
63 738
63 858
63 978
63 1098
63 1218
64 64
64 263
64 379
64 499
64 619
64 739
64 859
64 979
64 1099
64 1219
65 65
65 170
65 264
65 380
65 500
65 620
65 740
65 860
65 980
65 1100
65 1220
66 66
66 114
66 171
66 265
66 381
66 501
66 621
66 741
66 861
66 981
66 1101
66 1221
67 67
67 172
67 266
67 382
67 502
67 622
67 742
67 862
67 982
67 1102
67 1222
68 68
68 267
68 383
68 503
68 623
68 743
68 863
68 983
68 1103
68 1223
69 69
69 268
69 384
69 504
69 624
69 744
69 864
69 984
69 1104
69 1224
70 70
70 98
70 115
70 173
70 269
70 385
70 505
70 625
70 745
70 865
70 985
70 1105
70 1225
71 71
71 116
71 174
71 270
71 386
71 506
71 626
71 746
71 866
71 986
71 1106
71 1226
72 72
72 271
72 387
72 507
72 627
72 747
72 867
72 987
72 1107
72 1227
73 73
73 388
73 508
73 628
73 748
73 868
73 988
73 1108
73 1228
74 74
74 272
74 389
74 509
74 629
74 749
74 869
74 989
74 1109
74 1229
75 75
75 273
75 390
75 510
75 630
75 750
75 870
75 990
75 1110
75 1230
76 76
76 175
76 274
76 391
76 511
76 631
76 751
76 871
76 991
76 1111
76 1231
77 77
77 176
77 275
77 392
77 512
77 632
77 752
77 872
77 992
77 1112
77 1232
78 78
78 393
78 513
78 633
78 753
78 873
78 993
78 1113
78 1233
79 79
79 276
79 394
79 514
79 634
79 754
79 874
79 994
79 1114
79 1234
80 80
80 277
80 395
80 515
80 635
80 755
80 875
80 995
80 1115
80 1235
81 81
81 117
81 177
81 278
81 396
81 516
81 636
81 756
81 876
81 996
81 1116
81 1236
82 82
82 279
82 397
82 517
82 637
82 757
82 877
82 997
82 1117
82 1237
83 83
83 398
83 518
83 638
83 758
83 878
83 998
83 1118
83 1238
84 84
84 118
84 178
84 280
84 399
84 519
84 639
84 759
84 879
84 999
84 1119
84 1239
85 85
85 179
85 281
85 400
85 520
85 640
85 760
85 880
85 1000
85 1120
85 1240
86 86
86 119
86 180
86 282
86 401
86 521
86 641
86 761
86 881
86 1001
86 1121
86 1241
87 87
87 402
87 522
87 642
87 762
87 882
87 1002
87 1122
87 1242
88 88
88 283
88 403
88 523
88 643
88 763
88 883
88 1003
88 1123
88 1243
89 89
89 181
89 284
89 404
89 524
89 644
89 764
89 884
89 1004
89 1124
89 1244
90 90
90 285
90 405
90 525
90 645
90 765
90 885
90 1005
90 1125
90 1245
91 91
91 286
91 406
91 526
91 646
91 766
91 886
91 1006
91 1126
91 1246
92 92
92 182
92 287
92 407
92 527
92 647
92 767
92 887
92 1007
92 1127
92 1247
93 93
93 288
93 408
93 528
93 648
93 768
93 888
93 1008
93 1128
93 1248
94 94
94 95
94 96
94 97
94 98
95 95
95 99
96 96
96 100
97 97
97 101
98 98
98 102
99 99
99 103
99 105
99 108
99 117
99 119
100 100
100 106
100 110
100 113
100 114
101 101
101 104
101 111
101 112
101 115
102 102
102 107
102 109
102 116
102 118
103 103
103 120
104 104
104 120
105 105
105 121
106 106
106 122
107 107
107 123
108 108
108 124
109 109
109 125
110 110
110 126
111 111
111 126
112 112
112 127
113 113
113 128
114 114
114 129
115 115
115 130
116 116
116 130
117 117
117 131
118 118
118 131
119 119
119 132
120 120
120 134
120 138
120 155
120 177
120 180
121 121
121 139
121 162
122 122
122 150
122 156
122 167
122 170
123 123
123 140
123 153
123 157
124 124
124 146
124 147
124 158
124 175
124 182
125 125
125 142
125 151
125 160
125 176
126 126
126 152
126 163
126 168
126 171
127 127
127 135
127 164
127 166
127 173
128 128
128 133
128 145
128 148
128 159
128 165
128 169
129 129
129 136
129 149
129 172
130 130
130 154
130 161
130 174
130 178
131 131
131 141
131 143
131 179
132 132
132 137
132 144
132 181
133 133
133 183
134 134
134 184
135 135
135 184
136 136
136 184
137 137
137 184
138 138
138 185
139 139
139 185
140 140
140 185
141 141
141 186
142 142
142 187
143 143
143 187
144 144
144 187
145 145
145 188
146 146
146 189
147 147
147 190
148 148
148 191
149 149
149 192
150 150
150 193
151 151
151 193
152 152
152 193
153 153
153 194
154 154
154 194
155 155
155 195
156 156
156 195
157 157
157 195
158 158
158 195
159 159
159 195
160 160
160 196
161 161
161 196
162 162
162 197
163 163
163 197
164 164
164 197
165 165
165 197
166 166
166 198
167 167
167 199
168 168
168 199
169 169
169 199
170 170
170 200
171 171
171 200
172 172
172 200
173 173
173 201
174 174
174 201
175 175
175 202
176 176
176 202
177 177
177 203
178 178
178 203
179 179
179 203
180 180
180 204
181 181
181 204
182 182
182 205
183 183
183 206
183 277
184 184
184 208
184 213
184 246
184 278
184 282
185 185
185 214
185 253
186 186
186 216
186 231
186 263
187 187
187 218
187 279
187 285
188 188
188 224
188 226
188 273
189 189
189 227
190 190
190 219
190 229
190 232
190 271
191 191
191 233
191 286
192 192
192 220
192 235
192 239
192 243
192 254
192 268
193 193
193 240
193 247
193 259
193 264
194 194
194 215
194 244
194 248
195 195
195 228
195 230
195 249
195 274
195 287
196 196
196 221
196 241
196 251
196 275
197 197
197 242
197 255
197 260
197 265
198 198
198 209
198 256
198 258
198 269
199 199
199 207
199 225
199 234
199 250
199 257
199 261
200 200
200 210
200 236
200 266
201 201
201 245
201 252
201 270
201 280
202 202
202 238
202 262
202 272
202 276
202 283
203 203
203 217
203 222
203 281
204 204
204 211
204 223
204 284
205 205
205 212
205 237
205 267
205 288
206 206
206 289
207 207
207 289
208 208
208 290
209 209
209 290
210 210
210 290
211 211
211 290
212 212
212 290
213 213
213 291
214 214
214 291
215 215
215 291
216 216
216 292
217 217
217 292
218 218
218 293
219 219
219 293
220 220
220 293
221 221
221 293
222 222
222 293
223 223
223 293
224 224
224 294
225 225
225 294
226 226
226 295
227 227
227 295
228 228
228 295
229 229
229 296
230 230
230 296
231 231
231 297
232 232
232 297
233 233
233 297
234 234
234 297
235 235
235 298
236 236
236 298
237 237
237 298
238 238
238 299
239 239
239 300
240 240
240 300
241 241
241 300
242 242
242 300
243 243
243 301
244 244
244 301
245 245
245 301
246 246
246 302
247 247
247 302
248 248
248 302
249 249
249 302
250 250
250 302
251 251
251 303
252 252
252 303
253 253
253 304
254 254
254 304
255 255
255 304
256 256
256 304
257 257
257 304
258 258
258 305
259 259
259 306
260 260
260 306
261 261
261 306
262 262
262 307
263 263
263 308
264 264
264 308
265 265
265 308
266 266
266 308
267 267
267 308
268 268
268 309
269 269
269 309
270 270
270 309
271 271
271 310
272 272
272 310
273 273
273 311
274 274
274 311
275 275
275 311
276 276
276 311
277 277
277 312
278 278
278 312
279 279
279 312
280 280
280 312
281 281
281 312
282 282
282 313
283 283
283 313
284 284
284 313
285 285
285 314
286 286
286 314
287 287
287 314
288 288
288 314
289 289
289 315
289 395
290 290
290 317
290 322
290 360
290 396
290 401
291 291
291 323
291 368
292 292
292 325
292 344
292 379
293 293
293 328
293 397
293 405
294 294
294 336
294 339
294 390
295 295
295 340
296 296
296 329
296 342
296 345
296 387
297 297
297 346
297 406
298 298
298 330
298 348
298 353
298 357
298 369
298 384
299 299
299 331
299 337
299 351
299 398
299 402
300 300
300 354
300 361
300 374
300 380
301 301
301 324
301 358
301 362
302 302
302 341
302 343
302 363
302 391
302 407
303 303
303 332
303 355
303 366
303 392
304 304
304 356
304 370
304 375
304 381
305 305
305 318
305 371
305 373
305 385
306 306
306 316
306 338
306 347
306 364
306 372
306 376
307 307
307 365
307 377
308 308
308 319
308 349
308 382
309 309
309 359
309 367
309 386
309 399
310 310
310 326
310 333
310 388
310 393
311 311
311 352
311 378
311 389
311 394
311 403
312 312
312 327
312 334
312 400
313 313
313 320
313 335
313 404
314 314
314 321
314 350
314 383
314 408
315 315
315 409
316 316
316 409
317 317
317 410
318 318
318 410
319 319
319 410
320 320
320 410
321 321
321 410
322 322
322 411
323 323
323 411
324 324
324 411
325 325
325 412
326 326
326 412
327 327
327 412
328 328
328 413
329 329
329 413
330 330
330 413
331 331
331 413
332 332
332 413
333 333
333 413
334 334
334 413
335 335
335 413
336 336
336 414
337 337
337 414
338 338
338 414
339 339
339 415
340 340
340 415
341 341
341 415
342 342
342 416
343 343
343 416
344 344
344 417
345 345
345 417
346 346
346 417
347 347
347 417
348 348
348 418
349 349
349 418
350 350
350 418
351 351
351 419
352 352
352 419
353 353
353 420
354 354
354 420
355 355
355 420
356 356
356 420
357 357
357 421
358 358
358 421
359 359
359 421
360 360
360 422
361 361
361 422
362 362
362 422
363 363
363 422
364 364
364 422
365 365
365 422
366 366
366 423
367 367
367 423
368 368
368 424
369 369
369 424
370 370
370 424
371 371
371 424
372 372
372 424
373 373
373 425
374 374
374 426
375 375
375 426
376 376
376 426
377 377
377 427
378 378
378 427
379 379
379 428
380 380
380 428
381 381
381 428
382 382
382 428
383 383
383 428
384 384
384 429
385 385
385 429
386 386
386 429
387 387
387 430
388 388
388 430
389 389
389 430
390 390
390 431
391 391
391 431
392 392
392 431
393 393
393 431
394 394
394 431
395 395
395 432
396 396
396 432
397 397
397 432
398 398
398 432
399 399
399 432
400 400
400 432
401 401
401 433
402 402
402 433
403 403
403 433
404 404
404 433
405 405
405 434
406 406
406 434
407 407
407 434
408 408
408 434
409 409
409 435
409 515
410 410
410 437
410 442
410 480
410 516
410 521
411 411
411 443
411 488
412 412
412 445
412 464
412 499
413 413
413 448
413 517
413 525
414 414
414 456
414 459
414 510
415 415
415 460
416 416
416 449
416 462
416 465
416 507
417 417
417 466
417 526
418 418
418 450
418 468
418 473
418 477
418 489
418 504
419 419
419 451
419 457
419 471
419 518
419 522
420 420
420 474
420 481
420 494
420 500
421 421
421 444
421 478
421 482
422 422
422 461
422 463
422 483
422 511
422 527
423 423
423 452
423 475
423 486
423 512
424 424
424 476
424 490
424 495
424 501
425 425
425 438
425 491
425 493
425 505
426 426
426 436
426 458
426 467
426 484
426 492
426 496
427 427
427 485
427 497
428 428
428 439
428 469
428 502
429 429
429 479
429 487
429 506
429 519
430 430
430 446
430 453
430 508
430 513
431 431
431 472
431 498
431 509
431 514
431 523
432 432
432 447
432 454
432 520
433 433
433 440
433 455
433 524
434 434
434 441
434 470
434 503
434 528
435 435
435 529
436 436
436 529
437 437
437 530
438 438
438 530
439 439
439 530
440 440
440 530
441 441
441 530
442 442
442 531
443 443
443 531
444 444
444 531
445 445
445 532
446 446
446 532
447 447
447 532
448 448
448 533
449 449
449 533
450 450
450 533
451 451
451 533
452 452
452 533
453 453
453 533
454 454
454 533
455 455
455 533
456 456
456 534
457 457
457 534
458 458
458 534
459 459
459 535
460 460
460 535
461 461
461 535
462 462
462 536
463 463
463 536
464 464
464 537
465 465
465 537
466 466
466 537
467 467
467 537
468 468
468 538
469 469
469 538
470 470
470 538
471 471
471 539
472 472
472 539
473 473
473 540
474 474
474 540
475 475
475 540
476 476
476 540
477 477
477 541
478 478
478 541
479 479
479 541
480 480
480 542
481 481
481 542
482 482
482 542
483 483
483 542
484 484
484 542
485 485
485 542
486 486
486 543
487 487
487 543
488 488
488 544
489 489
489 544
490 490
490 544
491 491
491 544
492 492
492 544
493 493
493 545
494 494
494 546
495 495
495 546
496 496
496 546
497 497
497 547
498 498
498 547
499 499
499 548
500 500
500 548
501 501
501 548
502 502
502 548
503 503
503 548
504 504
504 549
505 505
505 549
506 506
506 549
507 507
507 550
508 508
508 550
509 509
509 550
510 510
510 551
511 511
511 551
512 512
512 551
513 513
513 551
514 514
514 551
515 515
515 552
516 516
516 552
517 517
517 552
518 518
518 552
519 519
519 552
520 520
520 552
521 521
521 553
522 522
522 553
523 523
523 553
524 524
524 553
525 525
525 554
526 526
526 554
527 527
527 554
528 528
528 554
529 529
529 555
529 635
530 530
530 557
530 562
530 600
530 636
530 641
531 531
531 563
531 608
532 532
532 565
532 584
532 619
533 533
533 568
533 637
533 645
534 534
534 576
534 579
534 630
535 535
535 580
536 536
536 569
536 582
536 585
536 627
537 537
537 586
537 646
538 538
538 570
538 588
538 593
538 597
538 609
538 624
539 539
539 571
539 577
539 591
539 638
539 642
540 540
540 594
540 601
540 614
540 620
541 541
541 564
541 598
541 602
542 542
542 581
542 583
542 603
542 631
542 647
543 543
543 572
543 595
543 606
543 632
544 544
544 596
544 610
544 615
544 621
545 545
545 558
545 611
545 613
545 625
546 546
546 556
546 578
546 587
546 604
546 612
546 616
547 547
547 605
547 617
548 548
548 559
548 589
548 622
549 549
549 599
549 607
549 626
549 639
550 550
550 566
550 573
550 628
550 633
551 551
551 592
551 618
551 629
551 634
551 643
552 552
552 567
552 574
552 640
553 553
553 560
553 575
553 644
554 554
554 561
554 590
554 623
554 648
555 555
555 649
556 556
556 649
557 557
557 650
558 558
558 650
559 559
559 650
560 560
560 650
561 561
561 650
562 562
562 651
563 563
563 651
564 564
564 651
565 565
565 652
566 566
566 652
567 567
567 652
568 568
568 653
569 569
569 653
570 570
570 653
571 571
571 653
572 572
572 653
573 573
573 653
574 574
574 653
575 575
575 653
576 576
576 654
577 577
577 654
578 578
578 654
579 579
579 655
580 580
580 655
581 581
581 655
582 582
582 656
583 583
583 656
584 584
584 657
585 585
585 657
586 586
586 657
587 587
587 657
588 588
588 658
589 589
589 658
590 590
590 658
591 591
591 659
592 592
592 659
593 593
593 660
594 594
594 660
595 595
595 660
596 596
596 660
597 597
597 661
598 598
598 661
599 599
599 661
600 600
600 662
601 601
601 662
602 602
602 662
603 603
603 662
604 604
604 662
605 605
605 662
606 606
606 663
607 607
607 663
608 608
608 664
609 609
609 664
610 610
610 664
611 611
611 664
612 612
612 664
613 613
613 665
614 614
614 666
615 615
615 666
616 616
616 666
617 617
617 667
618 618
618 667
619 619
619 668
620 620
620 668
621 621
621 668
622 622
622 668
623 623
623 668
624 624
624 669
625 625
625 669
626 626
626 669
627 627
627 670
628 628
628 670
629 629
629 670
630 630
630 671
631 631
631 671
632 632
632 671
633 633
633 671
634 634
634 671
635 635
635 672
636 636
636 672
637 637
637 672
638 638
638 672
639 639
639 672
640 640
640 672
641 641
641 673
642 642
642 673
643 643
643 673
644 644
644 673
645 645
645 674
646 646
646 674
647 647
647 674
648 648
648 674
649 649
649 675
649 755
650 650
650 677
650 682
650 720
650 756
650 761
651 651
651 683
651 728
652 652
652 685
652 704
652 739
653 653
653 688
653 757
653 765
654 654
654 696
654 699
654 750
655 655
655 700
656 656
656 689
656 702
656 705
656 747
657 657
657 706
657 766
658 658
658 690
658 708
658 713
658 717
658 729
658 744
659 659
659 691
659 697
659 711
659 758
659 762
660 660
660 714
660 721
660 734
660 740
661 661
661 684
661 718
661 722
662 662
662 701
662 703
662 723
662 751
662 767
663 663
663 692
663 715
663 726
663 752
664 664
664 716
664 730
664 735
664 741
665 665
665 678
665 731
665 733
665 745
666 666
666 676
666 698
666 707
666 724
666 732
666 736
667 667
667 725
667 737
668 668
668 679
668 709
668 742
669 669
669 719
669 727
669 746
669 759
670 670
670 686
670 693
670 748
670 753
671 671
671 712
671 738
671 749
671 754
671 763
672 672
672 687
672 694
672 760
673 673
673 680
673 695
673 764
674 674
674 681
674 710
674 743
674 768
675 675
675 769
676 676
676 769
677 677
677 770
678 678
678 770
679 679
679 770
680 680
680 770
681 681
681 770
682 682
682 771
683 683
683 771
684 684
684 771
685 685
685 772
686 686
686 772
687 687
687 772
688 688
688 773
689 689
689 773
690 690
690 773
691 691
691 773
692 692
692 773
693 693
693 773
694 694
694 773
695 695
695 773
696 696
696 774
697 697
697 774
698 698
698 774
699 699
699 775
700 700
700 775
701 701
701 775
702 702
702 776
703 703
703 776
704 704
704 777
705 705
705 777
706 706
706 777
707 707
707 777
708 708
708 778
709 709
709 778
710 710
710 778
711 711
711 779
712 712
712 779
713 713
713 780
714 714
714 780
715 715
715 780
716 716
716 780
717 717
717 781
718 718
718 781
719 719
719 781
720 720
720 782
721 721
721 782
722 722
722 782
723 723
723 782
724 724
724 782
725 725
725 782
726 726
726 783
727 727
727 783
728 728
728 784
729 729
729 784
730 730
730 784
731 731
731 784
732 732
732 784
733 733
733 785
734 734
734 786
735 735
735 786
736 736
736 786
737 737
737 787
738 738
738 787
739 739
739 788
740 740
740 788
741 741
741 788
742 742
742 788
743 743
743 788
744 744
744 789
745 745
745 789
746 746
746 789
747 747
747 790
748 748
748 790
749 749
749 790
750 750
750 791
751 751
751 791
752 752
752 791
753 753
753 791
754 754
754 791
755 755
755 792
756 756
756 792
757 757
757 792
758 758
758 792
759 759
759 792
760 760
760 792
761 761
761 793
762 762
762 793
763 763
763 793
764 764
764 793
765 765
765 794
766 766
766 794
767 767
767 794
768 768
768 794
769 769
769 795
769 875
770 770
770 797
770 802
770 840
770 876
770 881
771 771
771 803
771 848
772 772
772 805
772 824
772 859
773 773
773 808
773 877
773 885
774 774
774 816
774 819
774 870
775 775
775 820
776 776
776 809
776 822
776 825
776 867
777 777
777 826
777 886
778 778
778 810
778 828
778 833
778 837
778 849
778 864
779 779
779 811
779 817
779 831
779 878
779 882
780 780
780 834
780 841
780 854
780 860
781 781
781 804
781 838
781 842
782 782
782 821
782 823
782 843
782 871
782 887
783 783
783 812
783 835
783 846
783 872
784 784
784 836
784 850
784 855
784 861
785 785
785 798
785 851
785 853
785 865
786 786
786 796
786 818
786 827
786 844
786 852
786 856
787 787
787 845
787 857
788 788
788 799
788 829
788 862
789 789
789 839
789 847
789 866
789 879
790 790
790 806
790 813
790 868
790 873
791 791
791 832
791 858
791 869
791 874
791 883
792 792
792 807
792 814
792 880
793 793
793 800
793 815
793 884
794 794
794 801
794 830
794 863
794 888
795 795
795 889
796 796
796 889
797 797
797 890
798 798
798 890
799 799
799 890
800 800
800 890
801 801
801 890
802 802
802 891
803 803
803 891
804 804
804 891
805 805
805 892
806 806
806 892
807 807
807 892
808 808
808 893
809 809
809 893
810 810
810 893
811 811
811 893
812 812
812 893
813 813
813 893
814 814
814 893
815 815
815 893
816 816
816 894
817 817
817 894
818 818
818 894
819 819
819 895
820 820
820 895
821 821
821 895
822 822
822 896
823 823
823 896
824 824
824 897
825 825
825 897
826 826
826 897
827 827
827 897
828 828
828 898
829 829
829 898
830 830
830 898
831 831
831 899
832 832
832 899
833 833
833 900
834 834
834 900
835 835
835 900
836 836
836 900
837 837
837 901
838 838
838 901
839 839
839 901
840 840
840 902
841 841
841 902
842 842
842 902
843 843
843 902
844 844
844 902
845 845
845 902
846 846
846 903
847 847
847 903
848 848
848 904
849 849
849 904
850 850
850 904
851 851
851 904
852 852
852 904
853 853
853 905
854 854
854 906
855 855
855 906
856 856
856 906
857 857
857 907
858 858
858 907
859 859
859 908
860 860
860 908
861 861
861 908
862 862
862 908
863 863
863 908
864 864
864 909
865 865
865 909
866 866
866 909
867 867
867 910
868 868
868 910
869 869
869 910
870 870
870 911
871 871
871 911
872 872
872 911
873 873
873 911
874 874
874 911
875 875
875 912
876 876
876 912
877 877
877 912
878 878
878 912
879 879
879 912
880 880
880 912
881 881
881 913
882 882
882 913
883 883
883 913
884 884
884 913
885 885
885 914
886 886
886 914
887 887
887 914
888 888
888 914
889 889
889 915
889 995
890 890
890 917
890 922
890 960
890 996
890 1001
891 891
891 923
891 968
892 892
892 925
892 944
892 979
893 893
893 928
893 997
893 1005
894 894
894 936
894 939
894 990
895 895
895 940
896 896
896 929
896 942
896 945
896 987
897 897
897 946
897 1006
898 898
898 930
898 948
898 953
898 957
898 969
898 984
899 899
899 931
899 937
899 951
899 998
899 1002
900 900
900 954
900 961
900 974
900 980
901 901
901 924
901 958
901 962
902 902
902 941
902 943
902 963
902 991
902 1007
903 903
903 932
903 955
903 966
903 992
904 904
904 956
904 970
904 975
904 981
905 905
905 918
905 971
905 973
905 985
906 906
906 916
906 938
906 947
906 964
906 972
906 976
907 907
907 965
907 977
908 908
908 919
908 949
908 982
909 909
909 959
909 967
909 986
909 999
910 910
910 926
910 933
910 988
910 993
911 911
911 952
911 978
911 989
911 994
911 1003
912 912
912 927
912 934
912 1000
913 913
913 920
913 935
913 1004
914 914
914 921
914 950
914 983
914 1008
915 915
915 1009
916 916
916 1009
917 917
917 1010
918 918
918 1010
919 919
919 1010
920 920
920 1010
921 921
921 1010
922 922
922 1011
923 923
923 1011
924 924
924 1011
925 925
925 1012
926 926
926 1012
927 927
927 1012
928 928
928 1013
929 929
929 1013
930 930
930 1013
931 931
931 1013
932 932
932 1013
933 933
933 1013
934 934
934 1013
935 935
935 1013
936 936
936 1014
937 937
937 1014
938 938
938 1014
939 939
939 1015
940 940
940 1015
941 941
941 1015
942 942
942 1016
943 943
943 1016
944 944
944 1017
945 945
945 1017
946 946
946 1017
947 947
947 1017
948 948
948 1018
949 949
949 1018
950 950
950 1018
951 951
951 1019
952 952
952 1019
953 953
953 1020
954 954
954 1020
955 955
955 1020
956 956
956 1020
957 957
957 1021
958 958
958 1021
959 959
959 1021
960 960
960 1022
961 961
961 1022
962 962
962 1022
963 963
963 1022
964 964
964 1022
965 965
965 1022
966 966
966 1023
967 967
967 1023
968 968
968 1024
969 969
969 1024
970 970
970 1024
971 971
971 1024
972 972
972 1024
973 973
973 1025
974 974
974 1026
975 975
975 1026
976 976
976 1026
977 977
977 1027
978 978
978 1027
979 979
979 1028
980 980
980 1028
981 981
981 1028
982 982
982 1028
983 983
983 1028
984 984
984 1029
985 985
985 1029
986 986
986 1029
987 987
987 1030
988 988
988 1030
989 989
989 1030
990 990
990 1031
991 991
991 1031
992 992
992 1031
993 993
993 1031
994 994
994 1031
995 995
995 1032
996 996
996 1032
997 997
997 1032
998 998
998 1032
999 999
999 1032
1000 1000
1000 1032
1001 1001
1001 1033
1002 1002
1002 1033
1003 1003
1003 1033
1004 1004
1004 1033
1005 1005
1005 1034
1006 1006
1006 1034
1007 1007
1007 1034
1008 1008
1008 1034
1009 1009
1009 1035
1009 1115
1010 1010
1010 1037
1010 1042
1010 1080
1010 1116
1010 1121
1011 1011
1011 1043
1011 1088
1012 1012
1012 1045
1012 1064
1012 1099
1013 1013
1013 1048
1013 1117
1013 1125
1014 1014
1014 1056
1014 1059
1014 1110
1015 1015
1015 1060
1016 1016
1016 1049
1016 1062
1016 1065
1016 1107
1017 1017
1017 1066
1017 1126
1018 1018
1018 1050
1018 1068
1018 1073
1018 1077
1018 1089
1018 1104
1019 1019
1019 1051
1019 1057
1019 1071
1019 1118
1019 1122
1020 1020
1020 1074
1020 1081
1020 1094
1020 1100
1021 1021
1021 1044
1021 1078
1021 1082
1022 1022
1022 1061
1022 1063
1022 1083
1022 1111
1022 1127
1023 1023
1023 1052
1023 1075
1023 1086
1023 1112
1024 1024
1024 1076
1024 1090
1024 1095
1024 1101
1025 1025
1025 1038
1025 1091
1025 1093
1025 1105
1026 1026
1026 1036
1026 1058
1026 1067
1026 1084
1026 1092
1026 1096
1027 1027
1027 1085
1027 1097
1028 1028
1028 1039
1028 1069
1028 1102
1029 1029
1029 1079
1029 1087
1029 1106
1029 1119
1030 1030
1030 1046
1030 1053
1030 1108
1030 1113
1031 1031
1031 1072
1031 1098
1031 1109
1031 1114
1031 1123
1032 1032
1032 1047
1032 1054
1032 1120
1033 1033
1033 1040
1033 1055
1033 1124
1034 1034
1034 1041
1034 1070
1034 1103
1034 1128
1035 1035
1035 1129
1036 1036
1036 1129
1037 1037
1037 1130
1038 1038
1038 1130
1039 1039
1039 1130
1040 1040
1040 1130
1041 1041
1041 1130
1042 1042
1042 1131
1043 1043
1043 1131
1044 1044
1044 1131
1045 1045
1045 1132
1046 1046
1046 1132
1047 1047
1047 1132
1048 1048
1048 1133
1049 1049
1049 1133
1050 1050
1050 1133
1051 1051
1051 1133
1052 1052
1052 1133
1053 1053
1053 1133
1054 1054
1054 1133
1055 1055
1055 1133
1056 1056
1056 1134
1057 1057
1057 1134
1058 1058
1058 1134
1059 1059
1059 1135
1060 1060
1060 1135
1061 1061
1061 1135
1062 1062
1062 1136
1063 1063
1063 1136
1064 1064
1064 1137
1065 1065
1065 1137
1066 1066
1066 1137
1067 1067
1067 1137
1068 1068
1068 1138
1069 1069
1069 1138
1070 1070
1070 1138
1071 1071
1071 1139
1072 1072
1072 1139
1073 1073
1073 1140
1074 1074
1074 1140
1075 1075
1075 1140
1076 1076
1076 1140
1077 1077
1077 1141
1078 1078
1078 1141
1079 1079
1079 1141
1080 1080
1080 1142
1081 1081
1081 1142
1082 1082
1082 1142
1083 1083
1083 1142
1084 1084
1084 1142
1085 1085
1085 1142
1086 1086
1086 1143
1087 1087
1087 1143
1088 1088
1088 1144
1089 1089
1089 1144
1090 1090
1090 1144
1091 1091
1091 1144
1092 1092
1092 1144
1093 1093
1093 1145
1094 1094
1094 1146
1095 1095
1095 1146
1096 1096
1096 1146
1097 1097
1097 1147
1098 1098
1098 1147
1099 1099
1099 1148
1100 1100
1100 1148
1101 1101
1101 1148
1102 1102
1102 1148
1103 1103
1103 1148
1104 1104
1104 1149
1105 1105
1105 1149
1106 1106
1106 1149
1107 1107
1107 1150
1108 1108
1108 1150
1109 1109
1109 1150
1110 1110
1110 1151
1111 1111
1111 1151
1112 1112
1112 1151
1113 1113
1113 1151
1114 1114
1114 1151
1115 1115
1115 1152
1116 1116
1116 1152
1117 1117
1117 1152
1118 1118
1118 1152
1119 1119
1119 1152
1120 1120
1120 1152
1121 1121
1121 1153
1122 1122
1122 1153
1123 1123
1123 1153
1124 1124
1124 1153
1125 1125
1125 1154
1126 1126
1126 1154
1127 1127
1127 1154
1128 1128
1128 1154
1129 1129
1129 1155
1129 1235
1130 1130
1130 1157
1130 1162
1130 1200
1130 1236
1130 1241
1131 1131
1131 1163
1131 1208
1132 1132
1132 1165
1132 1184
1132 1219
1133 1133
1133 1168
1133 1237
1133 1245
1134 1134
1134 1176
1134 1179
1134 1230
1135 1135
1135 1180
1136 1136
1136 1169
1136 1182
1136 1185
1136 1227
1137 1137
1137 1186
1137 1246
1138 1138
1138 1170
1138 1188
1138 1193
1138 1197
1138 1209
1138 1224
1139 1139
1139 1171
1139 1177
1139 1191
1139 1238
1139 1242
1140 1140
1140 1194
1140 1201
1140 1214
1140 1220
1141 1141
1141 1164
1141 1198
1141 1202
1142 1142
1142 1181
1142 1183
1142 1203
1142 1231
1142 1247
1143 1143
1143 1172
1143 1195
1143 1206
1143 1232
1144 1144
1144 1196
1144 1210
1144 1215
1144 1221
1145 1145
1145 1158
1145 1211
1145 1213
1145 1225
1146 1146
1146 1156
1146 1178
1146 1187
1146 1204
1146 1212
1146 1216
1147 1147
1147 1205
1147 1217
1148 1148
1148 1159
1148 1189
1148 1222
1149 1149
1149 1199
1149 1207
1149 1226
1149 1239
1150 1150
1150 1166
1150 1173
1150 1228
1150 1233
1151 1151
1151 1192
1151 1218
1151 1229
1151 1234
1151 1243
1152 1152
1152 1167
1152 1174
1152 1240
1153 1153
1153 1160
1153 1175
1153 1244
1154 1154
1154 1161
1154 1190
1154 1223
1154 1248
1155 1155
1155 1249
1156 1156
1156 1249
1157 1157
1157 1250
1158 1158
1158 1250
1159 1159
1159 1250
1160 1160
1160 1250
1161 1161
1161 1250
1162 1162
1162 1251
1163 1163
1163 1251
1164 1164
1164 1251
1165 1165
1165 1252
1166 1166
1166 1252
1167 1167
1167 1252
1168 1168
1168 1253
1169 1169
1169 1253
1170 1170
1170 1253
1171 1171
1171 1253
1172 1172
1172 1253
1173 1173
1173 1253
1174 1174
1174 1253
1175 1175
1175 1253
1176 1176
1176 1254
1177 1177
1177 1254
1178 1178
1178 1254
1179 1179
1179 1255
1180 1180
1180 1255
1181 1181
1181 1255
1182 1182
1182 1256
1183 1183
1183 1256
1184 1184
1184 1257
1185 1185
1185 1257
1186 1186
1186 1257
1187 1187
1187 1257
1188 1188
1188 1258
1189 1189
1189 1258
1190 1190
1190 1258
1191 1191
1191 1259
1192 1192
1192 1259
1193 1193
1193 1260
1194 1194
1194 1260
1195 1195
1195 1260
1196 1196
1196 1260
1197 1197
1197 1261
1198 1198
1198 1261
1199 1199
1199 1261
1200 1200
1200 1262
1201 1201
1201 1262
1202 1202
1202 1262
1203 1203
1203 1262
1204 1204
1204 1262
1205 1205
1205 1262
1206 1206
1206 1263
1207 1207
1207 1263
1208 1208
1208 1264
1209 1209
1209 1264
1210 1210
1210 1264
1211 1211
1211 1264
1212 1212
1212 1264
1213 1213
1213 1265
1214 1214
1214 1266
1215 1215
1215 1266
1216 1216
1216 1266
1217 1217
1217 1267
1218 1218
1218 1267
1219 1219
1219 1268
1220 1220
1220 1268
1221 1221
1221 1268
1222 1222
1222 1268
1223 1223
1223 1268
1224 1224
1224 1269
1225 1225
1225 1269
1226 1226
1226 1269
1227 1227
1227 1270
1228 1228
1228 1270
1229 1229
1229 1270
1230 1230
1230 1271
1231 1231
1231 1271
1232 1232
1232 1271
1233 1233
1233 1271
1234 1234
1234 1271
1235 1235
1235 1272
1236 1236
1236 1272
1237 1237
1237 1272
1238 1238
1238 1272
1239 1239
1239 1272
1240 1240
1240 1272
1241 1241
1241 1273
1242 1242
1242 1273
1243 1243
1243 1273
1244 1244
1244 1273
1245 1245
1245 1274
1246 1246
1246 1274
1247 1247
1247 1274
1248 1248
1248 1274
