%HyperDAG model of naive implementation of 9 iterations of kNN, starting from node number 19 (i.e. sparse vector with 1 entry).
%The probability for having a nonzero in any cell of matrix A is 0.15, and the main diagonal is set to 1.
549 565 1698
0 1
1 1
2 1
3 1
4 1
5 1
6 1
7 1
8 1
9 1
10 1
11 1
12 1
13 1
14 1
15 1
16 1
17 1
18 1
19 1
20 1
21 1
22 1
23 1
24 1
25 1
26 1
27 1
28 1
29 1
30 1
31 1
32 1
33 1
34 1
35 1
36 1
37 1
38 1
39 1
40 1
41 1
42 1
43 1
44 1
45 1
46 1
47 1
48 1
49 1
50 1
51 1
52 1
53 1
54 1
55 1
56 1
57 1
58 1
59 1
60 1
61 1
62 1
63 1
64 1
65 1
66 1
67 1
68 1
69 1
70 1
71 1
72 1
73 1
74 1
75 1
76 1
77 1
78 1
79 1
80 1
81 1
82 1
83 1
84 1
85 1
86 1
87 1
88 1
89 1
90 1
91 1
92 1
93 1
94 1
95 1
96 1
97 1
98 1
99 1
100 1
101 1
102 1
103 1
104 1
105 1
106 1
107 1
108 1
109 1
110 1
111 1
112 1
113 1
114 1
115 1
116 1
117 1
118 1
119 1
120 1
121 1
122 1
123 1
124 1
125 1
126 1
127 1
128 1
129 1
130 1
131 1
132 1
133 1
134 1
135 1
136 1
137 1
138 1
139 1
140 1
141 1
142 1
143 1
144 1
145 1
146 1
147 1
148 1
149 1
150 1
151 1
152 1
153 1
154 1
155 1
156 1
157 1
158 1
159 1
160 1
161 1
162 1
163 1
164 1
165 1
166 1
167 1
168 1
169 1
170 1
171 1
172 1
173 1
174 1
175 1
176 1
177 1
178 1
179 1
180 1
181 1
182 1
183 1
184 1
185 1
186 1
187 1
188 1
189 1
190 1
191 1
192 1
193 1
194 1
195 1
196 1
197 1
198 1
199 1
200 1
201 1
202 1
203 1
204 1
205 1
206 1
207 1
208 1
209 1
210 1
211 1
212 1
213 1
214 1
215 1
216 1
217 1
218 1
219 1
220 1
221 1
222 1
223 1
224 1
225 1
226 1
227 1
228 1
229 1
230 1
231 1
232 1
233 1
234 1
235 1
236 1
237 1
238 1
239 1
240 1
241 1
242 1
243 1
244 1
245 1
246 1
247 1
248 1
249 1
250 1
251 1
252 1
253 1
254 1
255 1
256 1
257 1
258 1
259 1
260 1
261 1
262 1
263 1
264 1
265 1
266 1
267 1
268 1
269 1
270 1
271 1
272 1
273 1
274 1
275 1
276 1
277 1
278 1
279 1
280 1
281 1
282 1
283 1
284 1
285 1
286 1
287 1
288 1
289 1
290 1
291 1
292 1
293 1
294 1
295 1
296 1
297 1
298 1
299 1
300 1
301 1
302 1
303 1
304 1
305 1
306 1
307 1
308 1
309 1
310 1
311 1
312 1
313 1
314 1
315 1
316 1
317 1
318 1
319 1
320 1
321 1
322 1
323 1
324 1
325 1
326 1
327 1
328 1
329 1
330 1
331 1
332 1
333 1
334 1
335 1
336 1
337 1
338 1
339 1
340 1
341 1
342 1
343 1
344 1
345 1
346 1
347 1
348 1
349 1
350 1
351 1
352 1
353 1
354 1
355 1
356 1
357 1
358 1
359 1
360 1
361 1
362 1
363 1
364 1
365 1
366 1
367 1
368 1
369 1
370 1
371 1
372 1
373 1
374 1
375 1
376 1
377 1
378 1
379 1
380 1
381 1
382 1
383 1
384 1
385 1
386 1
387 1
388 1
389 1
390 1
391 1
392 1
393 1
394 1
395 1
396 1
397 1
398 1
399 1
400 1
401 1
402 1
403 1
404 1
405 1
406 1
407 1
408 1
409 1
410 1
411 1
412 1
413 1
414 1
415 1
416 1
417 1
418 1
419 1
420 1
421 1
422 1
423 1
424 1
425 1
426 1
427 1
428 1
429 1
430 1
431 1
432 1
433 1
434 1
435 1
436 1
437 1
438 1
439 1
440 1
441 1
442 1
443 1
444 1
445 1
446 1
447 1
448 1
449 1
450 1
451 1
452 1
453 1
454 1
455 1
456 1
457 1
458 1
459 1
460 1
461 1
462 1
463 1
464 1
465 1
466 1
467 1
468 1
469 1
470 1
471 1
472 1
473 1
474 1
475 1
476 1
477 1
478 1
479 1
480 1
481 1
482 1
483 1
484 1
485 1
486 1
487 1
488 1
489 1
490 1
491 1
492 1
493 1
494 1
495 1
496 1
497 1
498 1
499 1
500 1
501 1
502 1
503 1
504 1
505 1
506 1
507 1
508 1
509 1
510 1
511 1
512 1
513 1
514 1
515 1
516 1
517 1
518 1
519 1
520 1
521 1
522 1
523 1
524 1
525 1
526 1
527 1
528 1
529 1
530 1
531 1
532 1
533 1
534 1
535 1
536 1
537 1
538 1
539 1
540 1
541 1
542 1
543 1
544 1
545 1
546 1
547 1
548 1
0 0
1 0
2 0
3 0
4 0
5 0
6 0
7 0
8 0
9 0
10 0
11 0
12 0
13 0
14 0
15 0
16 0
17 0
18 0
19 0
20 0
21 0
22 0
23 0
24 0
25 0
26 0
27 0
28 0
29 0
30 0
31 0
32 0
33 0
34 0
35 0
36 0
37 0
38 0
39 0
40 0
41 0
42 0
43 0
44 0
45 0
46 0
47 0
48 0
49 0
50 0
51 0
52 0
53 1
54 1
55 1
56 1
57 1
58 1
59 0
60 0
61 0
62 0
63 0
64 0
65 1
66 1
67 1
68 1
69 1
70 1
71 1
72 1
73 1
74 1
75 1
76 1
77 1
78 1
79 1
80 1
81 1
82 1
83 1
84 1
85 1
86 1
87 1
88 1
89 0
90 2
91 1
92 1
93 0
94 2
95 2
96 0
97 2
98 0
99 0
100 1
101 1
102 1
103 1
104 1
105 1
106 1
107 1
108 1
109 1
110 1
111 1
112 1
113 1
114 1
115 1
116 1
117 1
118 1
119 1
120 1
121 1
122 1
123 1
124 1
125 1
126 1
127 1
128 1
129 1
130 1
131 1
132 1
133 1
134 1
135 1
136 1
137 1
138 1
139 1
140 1
141 1
142 1
143 1
144 1
145 3
146 2
147 2
148 0
149 1
150 6
151 2
152 3
153 2
154 1
155 1
156 3
157 1
158 1
159 1
160 1
161 1
162 1
163 1
164 1
165 1
166 1
167 1
168 1
169 1
170 1
171 1
172 1
173 1
174 1
175 1
176 1
177 1
178 1
179 1
180 1
181 1
182 1
183 1
184 1
185 1
186 1
187 1
188 1
189 1
190 1
191 1
192 1
193 1
194 1
195 1
196 1
197 1
198 1
199 1
200 1
201 1
202 1
203 1
204 1
205 1
206 1
207 1
208 1
209 1
210 3
211 3
212 2
213 2
214 2
215 6
216 2
217 3
218 0
219 2
220 2
221 1
222 3
223 1
224 1
225 1
226 1
227 1
228 1
229 1
230 1
231 1
232 1
233 1
234 1
235 1
236 1
237 1
238 1
239 1
240 1
241 1
242 1
243 1
244 1
245 1
246 1
247 1
248 1
249 1
250 1
251 1
252 1
253 1
254 1
255 1
256 1
257 1
258 1
259 1
260 1
261 1
262 1
263 1
264 1
265 1
266 1
267 1
268 1
269 1
270 1
271 1
272 1
273 1
274 1
275 1
276 1
277 1
278 3
279 3
280 2
281 2
282 2
283 6
284 2
285 3
286 1
287 2
288 2
289 1
290 3
291 1
292 2
293 1
294 1
295 1
296 1
297 1
298 1
299 1
300 1
301 1
302 1
303 1
304 1
305 1
306 1
307 1
308 1
309 1
310 1
311 1
312 1
313 1
314 1
315 1
316 1
317 1
318 1
319 1
320 1
321 1
322 1
323 1
324 1
325 1
326 1
327 1
328 1
329 1
330 1
331 1
332 1
333 1
334 1
335 1
336 1
337 1
338 1
339 1
340 1
341 1
342 1
343 1
344 1
345 1
346 3
347 3
348 2
349 2
350 2
351 6
352 2
353 3
354 1
355 2
356 2
357 1
358 3
359 1
360 2
361 1
362 1
363 1
364 1
365 1
366 1
367 1
368 1
369 1
370 1
371 1
372 1
373 1
374 1
375 1
376 1
377 1
378 1
379 1
380 1
381 1
382 1
383 1
384 1
385 1
386 1
387 1
388 1
389 1
390 1
391 1
392 1
393 1
394 1
395 1
396 1
397 1
398 1
399 1
400 1
401 1
402 1
403 1
404 1
405 1
406 1
407 1
408 1
409 1
410 1
411 1
412 1
413 1
414 3
415 3
416 2
417 2
418 2
419 6
420 2
421 3
422 1
423 2
424 2
425 1
426 3
427 1
428 2
429 1
430 1
431 1
432 1
433 1
434 1
435 1
436 1
437 1
438 1
439 1
440 1
441 1
442 1
443 1
444 1
445 1
446 1
447 1
448 1
449 1
450 1
451 1
452 1
453 1
454 1
455 1
456 1
457 1
458 1
459 1
460 1
461 1
462 1
463 1
464 1
465 1
466 1
467 1
468 1
469 1
470 1
471 1
472 1
473 1
474 1
475 1
476 1
477 1
478 1
479 1
480 1
481 1
482 3
483 3
484 2
485 2
486 2
487 6
488 2
489 3
490 1
491 2
492 2
493 1
494 3
495 1
496 2
497 1
498 1
499 1
500 1
501 1
502 1
503 1
504 1
505 1
506 1
507 1
508 1
509 1
510 1
511 1
512 1
513 1
514 1
515 1
516 1
517 1
518 1
519 1
520 1
521 1
522 1
523 1
524 1
525 1
526 1
527 1
528 1
529 1
530 1
531 1
532 1
533 1
534 1
535 1
536 1
537 1
538 1
539 1
540 1
541 1
542 1
543 1
544 1
545 1
546 1
547 1
548 1
549 1
550 3
551 3
552 2
553 2
554 2
555 6
556 2
557 3
558 1
559 2
560 2
561 1
562 3
563 1
564 2
0 0
0 65
0 100
0 159
0 225
0 293
0 361
0 429
0 497
1 1
1 53
1 66
1 101
1 160
1 226
1 294
1 362
1 430
1 498
2 2
2 102
2 161
2 227
2 295
2 363
2 431
2 499
3 3
3 67
3 103
3 162
3 228
3 296
3 364
3 432
3 500
4 4
4 104
4 163
4 229
4 297
4 365
4 433
4 501
5 5
5 105
5 164
5 230
5 298
5 366
5 434
5 502
6 6
6 68
6 106
6 165
6 231
6 299
6 367
6 435
6 503
7 7
7 69
7 107
7 166
7 232
7 300
7 368
7 436
7 504
8 8
8 167
8 233
8 301
8 369
8 437
8 505
9 9
9 54
9 70
9 108
9 168
9 234
9 302
9 370
9 438
9 506
10 10
10 71
10 109
10 169
10 235
10 303
10 371
10 439
10 507
11 11
11 72
11 110
11 170
11 236
11 304
11 372
11 440
11 508
12 12
12 111
12 171
12 237
12 305
12 373
12 441
12 509
13 13
13 172
13 238
13 306
13 374
13 442
13 510
14 14
14 173
14 239
14 307
14 375
14 443
14 511
15 15
15 112
15 174
15 240
15 308
15 376
15 444
15 512
16 16
16 113
16 175
16 241
16 309
16 377
16 445
16 513
17 17
17 176
17 242
17 310
17 378
17 446
17 514
18 18
18 114
18 177
18 243
18 311
18 379
18 447
18 515
19 19
19 73
19 115
19 178
19 244
19 312
19 380
19 448
19 516
20 20
20 116
20 179
20 245
20 313
20 381
20 449
20 517
21 21
21 117
21 180
21 246
21 314
21 382
21 450
21 518
22 22
22 118
22 181
22 247
22 315
22 383
22 451
22 519
23 23
23 74
23 119
23 182
23 248
23 316
23 384
23 452
23 520
24 24
24 120
24 183
24 249
24 317
24 385
24 453
24 521
25 25
25 121
25 184
25 250
25 318
25 386
25 454
25 522
26 26
26 75
26 122
26 185
26 251
26 319
26 387
26 455
26 523
27 27
27 123
27 186
27 252
27 320
27 388
27 456
27 524
28 28
28 124
28 187
28 253
28 321
28 389
28 457
28 525
29 29
29 76
29 125
29 188
29 254
29 322
29 390
29 458
29 526
30 30
30 126
30 189
30 255
30 323
30 391
30 459
30 527
31 31
31 77
31 127
31 190
31 256
31 324
31 392
31 460
31 528
32 32
32 55
32 78
32 128
32 191
32 257
32 325
32 393
32 461
32 529
33 33
33 192
33 258
33 326
33 394
33 462
33 530
34 34
34 259
34 327
34 395
34 463
34 531
35 35
35 79
35 129
35 193
35 260
35 328
35 396
35 464
35 532
36 36
36 80
36 130
36 194
36 261
36 329
36 397
36 465
36 533
37 37
37 56
37 81
37 131
37 195
37 262
37 330
37 398
37 466
37 534
38 38
38 132
38 196
38 263
38 331
38 399
38 467
38 535
39 39
39 197
39 264
39 332
39 400
39 468
39 536
40 40
40 133
40 198
40 265
40 333
40 401
40 469
40 537
41 41
41 82
41 134
41 199
41 266
41 334
41 402
41 470
41 538
42 42
42 135
42 200
42 267
42 335
42 403
42 471
42 539
43 43
43 83
43 136
43 201
43 268
43 336
43 404
43 472
43 540
44 44
44 137
44 202
44 269
44 337
44 405
44 473
44 541
45 45
45 84
45 138
45 203
45 270
45 338
45 406
45 474
45 542
46 46
46 57
46 85
46 139
46 204
46 271
46 339
46 407
46 475
46 543
47 47
47 86
47 140
47 205
47 272
47 340
47 408
47 476
47 544
48 48
48 141
48 206
48 273
48 341
48 409
48 477
48 545
49 49
49 274
49 342
49 410
49 478
49 546
50 50
50 142
50 207
50 275
50 343
50 411
50 479
50 547
51 51
51 58
51 87
51 143
51 208
51 276
51 344
51 412
51 480
51 548
52 52
52 53
52 54
52 55
52 56
52 57
52 58
53 53
53 59
54 54
54 60
55 55
55 61
56 56
56 62
57 57
57 63
58 58
58 64
59 59
59 65
59 71
59 73
59 75
59 76
59 79
59 86
60 60
60 67
60 68
60 72
60 83
61 61
61 69
61 74
61 77
62 62
62 80
62 82
63 63
63 84
64 64
64 66
64 70
64 78
64 81
64 85
64 87
65 65
65 88
66 66
66 88
67 67
67 89
68 68
68 90
69 69
69 90
70 70
70 90
71 71
71 91
72 72
72 91
73 73
73 92
74 74
74 92
75 75
75 93
76 76
76 94
77 77
77 94
78 78
78 94
79 79
79 95
80 80
80 95
81 81
81 95
82 82
82 96
83 83
83 97
84 84
84 97
85 85
85 97
86 86
86 98
87 87
87 99
88 88
88 100
88 109
88 115
88 122
88 125
88 129
88 140
89 89
89 102
89 116
89 123
90 90
90 103
90 106
90 110
90 136
91 91
91 111
91 113
91 117
91 132
91 137
92 92
92 104
92 112
92 114
92 118
93 93
93 105
93 124
93 126
94 94
94 107
94 119
94 127
95 95
95 130
95 134
96 96
96 120
96 133
96 135
96 142
97 97
97 138
98 98
98 121
98 141
99 99
99 101
99 108
99 128
99 131
99 139
99 143
100 100
100 144
101 101
101 144
102 102
102 145
103 103
103 145
104 104
104 145
105 105
105 145
106 106
106 146
107 107
107 146
108 108
108 146
109 109
109 147
110 110
110 147
111 111
111 147
112 112
112 148
113 113
113 149
114 114
114 149
115 115
115 150
116 116
116 150
117 117
117 150
118 118
118 150
119 119
119 150
120 120
120 150
121 121
121 150
122 122
122 151
123 123
123 151
124 124
124 151
125 125
125 152
126 126
126 152
127 127
127 152
128 128
128 152
129 129
129 153
130 130
130 153
131 131
131 153
132 132
132 154
133 133
133 154
134 134
134 155
135 135
135 155
136 136
136 156
137 137
137 156
138 138
138 156
139 139
139 156
140 140
140 157
141 141
141 157
142 142
142 158
143 143
143 158
144 144
144 159
144 169
144 178
144 185
144 188
144 193
144 205
145 145
145 161
145 179
145 186
146 146
146 162
146 165
146 170
146 201
147 147
147 171
147 175
147 180
147 196
147 202
148 148
148 172
149 149
149 173
149 176
149 192
150 150
150 163
150 174
150 177
150 181
151 151
151 164
151 187
151 189
152 152
152 166
152 182
152 190
153 153
153 194
153 199
154 154
154 167
154 197
155 155
155 183
155 198
155 200
155 207
156 156
156 203
157 157
157 184
157 206
158 158
158 160
158 168
158 191
158 195
158 204
158 208
159 159
159 209
160 160
160 209
161 161
161 210
162 162
162 210
163 163
163 210
164 164
164 210
165 165
165 211
166 166
166 211
167 167
167 211
168 168
168 211
169 169
169 212
170 170
170 212
171 171
171 212
172 172
172 213
173 173
173 213
174 174
174 213
175 175
175 214
176 176
176 214
177 177
177 214
178 178
178 215
179 179
179 215
180 180
180 215
181 181
181 215
182 182
182 215
183 183
183 215
184 184
184 215
185 185
185 216
186 186
186 216
187 187
187 216
188 188
188 217
189 189
189 217
190 190
190 217
191 191
191 217
192 192
192 218
193 193
193 219
194 194
194 219
195 195
195 219
196 196
196 220
197 197
197 220
198 198
198 220
199 199
199 221
200 200
200 221
201 201
201 222
202 202
202 222
203 203
203 222
204 204
204 222
205 205
205 223
206 206
206 223
207 207
207 224
208 208
208 224
209 209
209 225
209 235
209 244
209 251
209 254
209 260
209 272
210 210
210 227
210 245
210 252
211 211
211 228
211 231
211 236
211 268
212 212
212 237
212 241
212 246
212 263
212 269
213 213
213 238
214 214
214 239
214 242
214 258
215 215
215 229
215 240
215 243
215 247
216 216
216 230
216 253
216 255
217 217
217 232
217 248
217 256
218 218
218 259
218 274
219 219
219 261
219 266
220 220
220 233
220 264
221 221
221 249
221 265
221 267
221 275
222 222
222 270
223 223
223 250
223 273
224 224
224 226
224 234
224 257
224 262
224 271
224 276
225 225
225 277
226 226
226 277
227 227
227 278
228 228
228 278
229 229
229 278
230 230
230 278
231 231
231 279
232 232
232 279
233 233
233 279
234 234
234 279
235 235
235 280
236 236
236 280
237 237
237 280
238 238
238 281
239 239
239 281
240 240
240 281
241 241
241 282
242 242
242 282
243 243
243 282
244 244
244 283
245 245
245 283
246 246
246 283
247 247
247 283
248 248
248 283
249 249
249 283
250 250
250 283
251 251
251 284
252 252
252 284
253 253
253 284
254 254
254 285
255 255
255 285
256 256
256 285
257 257
257 285
258 258
258 286
259 259
259 286
260 260
260 287
261 261
261 287
262 262
262 287
263 263
263 288
264 264
264 288
265 265
265 288
266 266
266 289
267 267
267 289
268 268
268 290
269 269
269 290
270 270
270 290
271 271
271 290
272 272
272 291
273 273
273 291
274 274
274 292
275 275
275 292
276 276
276 292
277 277
277 293
277 303
277 312
277 319
277 322
277 328
277 340
278 278
278 295
278 313
278 320
279 279
279 296
279 299
279 304
279 336
280 280
280 305
280 309
280 314
280 331
280 337
281 281
281 306
282 282
282 307
282 310
282 326
283 283
283 297
283 308
283 311
283 315
284 284
284 298
284 321
284 323
285 285
285 300
285 316
285 324
286 286
286 327
286 342
287 287
287 329
287 334
288 288
288 301
288 332
289 289
289 317
289 333
289 335
289 343
290 290
290 338
291 291
291 318
291 341
292 292
292 294
292 302
292 325
292 330
292 339
292 344
293 293
293 345
294 294
294 345
295 295
295 346
296 296
296 346
297 297
297 346
298 298
298 346
299 299
299 347
300 300
300 347
301 301
301 347
302 302
302 347
303 303
303 348
304 304
304 348
305 305
305 348
306 306
306 349
307 307
307 349
308 308
308 349
309 309
309 350
310 310
310 350
311 311
311 350
312 312
312 351
313 313
313 351
314 314
314 351
315 315
315 351
316 316
316 351
317 317
317 351
318 318
318 351
319 319
319 352
320 320
320 352
321 321
321 352
322 322
322 353
323 323
323 353
324 324
324 353
325 325
325 353
326 326
326 354
327 327
327 354
328 328
328 355
329 329
329 355
330 330
330 355
331 331
331 356
332 332
332 356
333 333
333 356
334 334
334 357
335 335
335 357
336 336
336 358
337 337
337 358
338 338
338 358
339 339
339 358
340 340
340 359
341 341
341 359
342 342
342 360
343 343
343 360
344 344
344 360
345 345
345 361
345 371
345 380
345 387
345 390
345 396
345 408
346 346
346 363
346 381
346 388
347 347
347 364
347 367
347 372
347 404
348 348
348 373
348 377
348 382
348 399
348 405
349 349
349 374
350 350
350 375
350 378
350 394
351 351
351 365
351 376
351 379
351 383
352 352
352 366
352 389
352 391
353 353
353 368
353 384
353 392
354 354
354 395
354 410
355 355
355 397
355 402
356 356
356 369
356 400
357 357
357 385
357 401
357 403
357 411
358 358
358 406
359 359
359 386
359 409
360 360
360 362
360 370
360 393
360 398
360 407
360 412
361 361
361 413
362 362
362 413
363 363
363 414
364 364
364 414
365 365
365 414
366 366
366 414
367 367
367 415
368 368
368 415
369 369
369 415
370 370
370 415
371 371
371 416
372 372
372 416
373 373
373 416
374 374
374 417
375 375
375 417
376 376
376 417
377 377
377 418
378 378
378 418
379 379
379 418
380 380
380 419
381 381
381 419
382 382
382 419
383 383
383 419
384 384
384 419
385 385
385 419
386 386
386 419
387 387
387 420
388 388
388 420
389 389
389 420
390 390
390 421
391 391
391 421
392 392
392 421
393 393
393 421
394 394
394 422
395 395
395 422
396 396
396 423
397 397
397 423
398 398
398 423
399 399
399 424
400 400
400 424
401 401
401 424
402 402
402 425
403 403
403 425
404 404
404 426
405 405
405 426
406 406
406 426
407 407
407 426
408 408
408 427
409 409
409 427
410 410
410 428
411 411
411 428
412 412
412 428
413 413
413 429
413 439
413 448
413 455
413 458
413 464
413 476
414 414
414 431
414 449
414 456
415 415
415 432
415 435
415 440
415 472
416 416
416 441
416 445
416 450
416 467
416 473
417 417
417 442
418 418
418 443
418 446
418 462
419 419
419 433
419 444
419 447
419 451
420 420
420 434
420 457
420 459
421 421
421 436
421 452
421 460
422 422
422 463
422 478
423 423
423 465
423 470
424 424
424 437
424 468
425 425
425 453
425 469
425 471
425 479
426 426
426 474
427 427
427 454
427 477
428 428
428 430
428 438
428 461
428 466
428 475
428 480
429 429
429 481
430 430
430 481
431 431
431 482
432 432
432 482
433 433
433 482
434 434
434 482
435 435
435 483
436 436
436 483
437 437
437 483
438 438
438 483
439 439
439 484
440 440
440 484
441 441
441 484
442 442
442 485
443 443
443 485
444 444
444 485
445 445
445 486
446 446
446 486
447 447
447 486
448 448
448 487
449 449
449 487
450 450
450 487
451 451
451 487
452 452
452 487
453 453
453 487
454 454
454 487
455 455
455 488
456 456
456 488
457 457
457 488
458 458
458 489
459 459
459 489
460 460
460 489
461 461
461 489
462 462
462 490
463 463
463 490
464 464
464 491
465 465
465 491
466 466
466 491
467 467
467 492
468 468
468 492
469 469
469 492
470 470
470 493
471 471
471 493
472 472
472 494
473 473
473 494
474 474
474 494
475 475
475 494
476 476
476 495
477 477
477 495
478 478
478 496
479 479
479 496
480 480
480 496
481 481
481 497
481 507
481 516
481 523
481 526
481 532
481 544
482 482
482 499
482 517
482 524
483 483
483 500
483 503
483 508
483 540
484 484
484 509
484 513
484 518
484 535
484 541
485 485
485 510
486 486
486 511
486 514
486 530
487 487
487 501
487 512
487 515
487 519
488 488
488 502
488 525
488 527
489 489
489 504
489 520
489 528
490 490
490 531
490 546
491 491
491 533
491 538
492 492
492 505
492 536
493 493
493 521
493 537
493 539
493 547
494 494
494 542
495 495
495 522
495 545
496 496
496 498
496 506
496 529
496 534
496 543
496 548
497 497
497 549
498 498
498 549
499 499
499 550
500 500
500 550
501 501
501 550
502 502
502 550
503 503
503 551
504 504
504 551
505 505
505 551
506 506
506 551
507 507
507 552
508 508
508 552
509 509
509 552
510 510
510 553
511 511
511 553
512 512
512 553
513 513
513 554
514 514
514 554
515 515
515 554
516 516
516 555
517 517
517 555
518 518
518 555
519 519
519 555
520 520
520 555
521 521
521 555
522 522
522 555
523 523
523 556
524 524
524 556
525 525
525 556
526 526
526 557
527 527
527 557
528 528
528 557
529 529
529 557
530 530
530 558
531 531
531 558
532 532
532 559
533 533
533 559
534 534
534 559
535 535
535 560
536 536
536 560
537 537
537 560
538 538
538 561
539 539
539 561
540 540
540 562
541 541
541 562
542 542
542 562
543 543
543 562
544 544
544 563
545 545
545 563
546 546
546 564
547 547
547 564
548 548
548 564
