%HyperDAG model of SpMV operation.
%The probability for having a nonzero in any cell of matrix A is 0.30
60 69 135
0 1
1 1
2 1
3 1
4 1
5 1
6 1
7 1
8 1
9 1
10 1
11 1
12 1
13 1
14 1
15 1
16 1
17 1
18 1
19 1
20 1
21 1
22 1
23 1
24 1
25 1
26 1
27 1
28 1
29 1
30 1
31 1
32 1
33 1
34 1
35 1
36 1
37 1
38 1
39 1
40 1
41 1
42 1
43 1
44 1
45 1
46 1
47 1
48 1
49 1
50 1
51 1
52 1
53 1
54 1
55 1
56 1
57 1
58 1
59 1
0 0
1 0
2 0
3 0
4 0
5 0
6 0
7 0
8 0
9 0
10 0
11 1
12 0
13 1
14 0
15 1
16 0
17 1
18 0
19 1
20 0
21 1
22 0
23 1
24 0
25 1
26 0
27 1
28 0
29 1
30 0
31 1
32 0
33 1
34 0
35 1
36 0
37 1
38 0
39 1
40 0
41 1
42 0
43 1
44 0
45 1
46 0
47 1
48 0
49 1
50 0
51 1
52 0
53 1
54 0
55 1
56 0
57 1
58 0
59 1
60 1
61 0
62 6
63 1
64 1
65 4
66 1
67 1
68 1
0 0
0 17
0 49
1 1
1 19
1 39
1 53
1 57
2 2
2 21
2 41
3 3
3 31
4 4
4 23
4 35
4 51
5 5
5 11
6 6
6 25
6 43
6 55
6 59
7 7
7 27
7 45
8 8
8 13
8 15
8 33
8 37
9 9
9 29
9 47
10 10
10 11
11 11
11 60
12 12
12 13
13 13
13 60
14 14
14 15
15 15
15 61
16 16
16 17
17 17
17 62
18 18
18 19
19 19
19 62
20 20
20 21
21 21
21 62
22 22
22 23
23 23
23 62
24 24
24 25
25 25
25 62
26 26
26 27
27 27
27 62
28 28
28 29
29 29
29 62
30 30
30 31
31 31
31 63
32 32
32 33
33 33
33 63
34 34
34 35
35 35
35 64
36 36
36 37
37 37
37 64
38 38
38 39
39 39
39 65
40 40
40 41
41 41
41 65
42 42
42 43
43 43
43 65
44 44
44 45
45 45
45 65
46 46
46 47
47 47
47 65
48 48
48 49
49 49
49 66
50 50
50 51
51 51
51 66
52 52
52 53
53 53
53 67
54 54
54 55
55 55
55 67
56 56
56 57
57 57
57 68
58 58
58 59
59 59
59 68
