%HyperDAG model of SpMV operation.
%The probability for having a nonzero in any cell of matrix A is 0.15
271 300 634
0 1
1 1
2 1
3 1
4 1
5 1
6 1
7 1
8 1
9 1
10 1
11 1
12 1
13 1
14 1
15 1
16 1
17 1
18 1
19 1
20 1
21 1
22 1
23 1
24 1
25 1
26 1
27 1
28 1
29 1
30 1
31 1
32 1
33 1
34 1
35 1
36 1
37 1
38 1
39 1
40 1
41 1
42 1
43 1
44 1
45 1
46 1
47 1
48 1
49 1
50 1
51 1
52 1
53 1
54 1
55 1
56 1
57 1
58 1
59 1
60 1
61 1
62 1
63 1
64 1
65 1
66 1
67 1
68 1
69 1
70 1
71 1
72 1
73 1
74 1
75 1
76 1
77 1
78 1
79 1
80 1
81 1
82 1
83 1
84 1
85 1
86 1
87 1
88 1
89 1
90 1
91 1
92 1
93 1
94 1
95 1
96 1
97 1
98 1
99 1
100 1
101 1
102 1
103 1
104 1
105 1
106 1
107 1
108 1
109 1
110 1
111 1
112 1
113 1
114 1
115 1
116 1
117 1
118 1
119 1
120 1
121 1
122 1
123 1
124 1
125 1
126 1
127 1
128 1
129 1
130 1
131 1
132 1
133 1
134 1
135 1
136 1
137 1
138 1
139 1
140 1
141 1
142 1
143 1
144 1
145 1
146 1
147 1
148 1
149 1
150 1
151 1
152 1
153 1
154 1
155 1
156 1
157 1
158 1
159 1
160 1
161 1
162 1
163 1
164 1
165 1
166 1
167 1
168 1
169 1
170 1
171 1
172 1
173 1
174 1
175 1
176 1
177 1
178 1
179 1
180 1
181 1
182 1
183 1
184 1
185 1
186 1
187 1
188 1
189 1
190 1
191 1
192 1
193 1
194 1
195 1
196 1
197 1
198 1
199 1
200 1
201 1
202 1
203 1
204 1
205 1
206 1
207 1
208 1
209 1
210 1
211 1
212 1
213 1
214 1
215 1
216 1
217 1
218 1
219 1
220 1
221 1
222 1
223 1
224 1
225 1
226 1
227 1
228 1
229 1
230 1
231 1
232 1
233 1
234 1
235 1
236 1
237 1
238 1
239 1
240 1
241 1
242 1
243 1
244 1
245 1
246 1
247 1
248 1
249 1
250 1
251 1
252 1
253 1
254 1
255 1
256 1
257 1
258 1
259 1
260 1
261 1
262 1
263 1
264 1
265 1
266 1
267 1
268 1
269 1
270 1
0 0
1 0
2 0
3 0
4 0
5 0
6 0
7 0
8 0
9 0
10 0
11 0
12 0
13 0
14 0
15 0
16 0
17 0
18 0
19 0
20 0
21 0
22 0
23 0
24 0
25 0
26 0
27 0
28 0
29 0
30 1
31 0
32 1
33 0
34 1
35 0
36 1
37 0
38 1
39 0
40 1
41 0
42 1
43 0
44 1
45 0
46 1
47 0
48 1
49 0
50 1
51 0
52 1
53 0
54 1
55 0
56 1
57 0
58 1
59 0
60 1
61 0
62 1
63 0
64 1
65 0
66 1
67 0
68 1
69 0
70 1
71 0
72 1
73 0
74 1
75 0
76 1
77 0
78 1
79 0
80 1
81 0
82 1
83 0
84 1
85 0
86 1
87 0
88 1
89 0
90 1
91 0
92 1
93 0
94 1
95 0
96 1
97 0
98 1
99 0
100 1
101 0
102 1
103 0
104 1
105 0
106 1
107 0
108 1
109 0
110 1
111 0
112 1
113 0
114 1
115 0
116 1
117 0
118 1
119 0
120 1
121 0
122 1
123 0
124 1
125 0
126 1
127 0
128 1
129 0
130 1
131 0
132 1
133 0
134 1
135 0
136 1
137 0
138 1
139 0
140 1
141 0
142 1
143 0
144 1
145 0
146 1
147 0
148 1
149 0
150 1
151 0
152 1
153 0
154 1
155 0
156 1
157 0
158 1
159 0
160 1
161 0
162 1
163 0
164 1
165 0
166 1
167 0
168 1
169 0
170 1
171 0
172 1
173 0
174 1
175 0
176 1
177 0
178 1
179 0
180 1
181 0
182 1
183 0
184 1
185 0
186 1
187 0
188 1
189 0
190 1
191 0
192 1
193 0
194 1
195 0
196 1
197 0
198 1
199 0
200 1
201 0
202 1
203 0
204 1
205 0
206 1
207 0
208 1
209 0
210 1
211 0
212 1
213 0
214 1
215 0
216 1
217 0
218 1
219 0
220 1
221 0
222 1
223 0
224 1
225 0
226 1
227 0
228 1
229 0
230 1
231 0
232 1
233 0
234 1
235 0
236 1
237 0
238 1
239 0
240 1
241 0
242 1
243 0
244 1
245 0
246 1
247 0
248 1
249 0
250 1
251 0
252 1
253 0
254 1
255 0
256 1
257 0
258 1
259 0
260 1
261 0
262 1
263 0
264 1
265 0
266 1
267 0
268 1
269 0
270 1
271 4
272 4
273 0
274 0
275 4
276 8
277 2
278 2
279 2
280 2
281 2
282 2
283 5
284 5
285 1
286 3
287 1
288 5
289 1
290 3
291 0
292 6
293 5
294 0
295 5
296 6
297 6
298 5
299 3
0 0
0 54
0 100
0 170
0 184
0 212
1 1
1 56
1 146
1 172
2 2
2 64
3 3
3 66
3 130
3 158
3 186
3 224
3 238
4 4
4 132
4 154
4 226
5 5
5 68
5 82
5 134
5 156
5 160
5 188
5 198
5 264
6 6
6 70
6 252
7 7
7 94
8 8
8 88
8 228
8 254
9 9
9 142
9 190
10 10
10 136
10 162
10 214
10 256
11 11
11 50
11 102
11 112
11 118
11 192
12 12
12 72
12 114
13 13
13 120
13 164
13 210
13 240
14 14
14 52
14 84
14 242
15 15
15 148
15 174
15 230
16 16
16 58
16 244
16 258
17 17
17 74
17 90
17 106
17 116
17 122
17 200
17 260
18 18
18 30
18 40
18 144
18 166
18 202
18 246
19 19
19 76
19 182
19 266
20 20
20 32
20 60
20 104
20 124
20 194
20 216
20 232
21 21
21 42
21 78
21 204
21 218
21 262
22 22
22 34
22 62
22 80
22 168
22 176
22 220
22 268
23 23
23 206
23 234
23 270
24 24
24 92
24 96
24 108
25 25
25 36
25 44
25 110
25 138
25 178
25 196
25 208
26 26
26 38
26 46
26 126
26 140
26 150
26 236
26 248
27 27
27 128
27 152
27 180
27 250
28 28
28 48
28 86
28 98
28 222
29 29
29 30
30 30
30 271
31 31
31 32
32 32
32 271
33 33
33 34
34 34
34 271
35 35
35 36
36 36
36 271
37 37
37 38
38 38
38 271
39 39
39 40
40 40
40 272
41 41
41 42
42 42
42 272
43 43
43 44
44 44
44 272
45 45
45 46
46 46
46 272
47 47
47 48
48 48
48 272
49 49
49 50
50 50
50 273
51 51
51 52
52 52
52 274
53 53
53 54
54 54
54 275
55 55
55 56
56 56
56 275
57 57
57 58
58 58
58 275
59 59
59 60
60 60
60 275
61 61
61 62
62 62
62 275
63 63
63 64
64 64
64 276
65 65
65 66
66 66
66 276
67 67
67 68
68 68
68 276
69 69
69 70
70 70
70 276
71 71
71 72
72 72
72 276
73 73
73 74
74 74
74 276
75 75
75 76
76 76
76 276
77 77
77 78
78 78
78 276
79 79
79 80
80 80
80 276
81 81
81 82
82 82
82 277
83 83
83 84
84 84
84 277
85 85
85 86
86 86
86 277
87 87
87 88
88 88
88 278
89 89
89 90
90 90
90 278
91 91
91 92
92 92
92 278
93 93
93 94
94 94
94 279
95 95
95 96
96 96
96 279
97 97
97 98
98 98
98 279
99 99
99 100
100 100
100 280
101 101
101 102
102 102
102 280
103 103
103 104
104 104
104 280
105 105
105 106
106 106
106 281
107 107
107 108
108 108
108 281
109 109
109 110
110 110
110 281
111 111
111 112
112 112
112 282
113 113
113 114
114 114
114 282
115 115
115 116
116 116
116 282
117 117
117 118
118 118
118 283
119 119
119 120
120 120
120 283
121 121
121 122
122 122
122 283
123 123
123 124
124 124
124 283
125 125
125 126
126 126
126 283
127 127
127 128
128 128
128 283
129 129
129 130
130 130
130 284
131 131
131 132
132 132
132 284
133 133
133 134
134 134
134 284
135 135
135 136
136 136
136 284
137 137
137 138
138 138
138 284
139 139
139 140
140 140
140 284
141 141
141 142
142 142
142 285
143 143
143 144
144 144
144 285
145 145
145 146
146 146
146 286
147 147
147 148
148 148
148 286
149 149
149 150
150 150
150 286
151 151
151 152
152 152
152 286
153 153
153 154
154 154
154 287
155 155
155 156
156 156
156 287
157 157
157 158
158 158
158 288
159 159
159 160
160 160
160 288
161 161
161 162
162 162
162 288
163 163
163 164
164 164
164 288
165 165
165 166
166 166
166 288
167 167
167 168
168 168
168 288
169 169
169 170
170 170
170 289
171 171
171 172
172 172
172 289
173 173
173 174
174 174
174 290
175 175
175 176
176 176
176 290
177 177
177 178
178 178
178 290
179 179
179 180
180 180
180 290
181 181
181 182
182 182
182 291
183 183
183 184
184 184
184 292
185 185
185 186
186 186
186 292
187 187
187 188
188 188
188 292
189 189
189 190
190 190
190 292
191 191
191 192
192 192
192 292
193 193
193 194
194 194
194 292
195 195
195 196
196 196
196 292
197 197
197 198
198 198
198 293
199 199
199 200
200 200
200 293
201 201
201 202
202 202
202 293
203 203
203 204
204 204
204 293
205 205
205 206
206 206
206 293
207 207
207 208
208 208
208 293
209 209
209 210
210 210
210 294
211 211
211 212
212 212
212 295
213 213
213 214
214 214
214 295
215 215
215 216
216 216
216 295
217 217
217 218
218 218
218 295
219 219
219 220
220 220
220 295
221 221
221 222
222 222
222 295
223 223
223 224
224 224
224 296
225 225
225 226
226 226
226 296
227 227
227 228
228 228
228 296
229 229
229 230
230 230
230 296
231 231
231 232
232 232
232 296
233 233
233 234
234 234
234 296
235 235
235 236
236 236
236 296
237 237
237 238
238 238
238 297
239 239
239 240
240 240
240 297
241 241
241 242
242 242
242 297
243 243
243 244
244 244
244 297
245 245
245 246
246 246
246 297
247 247
247 248
248 248
248 297
249 249
249 250
250 250
250 297
251 251
251 252
252 252
252 298
253 253
253 254
254 254
254 298
255 255
255 256
256 256
256 298
257 257
257 258
258 258
258 298
259 259
259 260
260 260
260 298
261 261
261 262
262 262
262 298
263 263
263 264
264 264
264 299
265 265
265 266
266 266
266 299
267 267
267 268
268 268
268 299
269 269
269 270
270 270
270 299
