%HyperDAG model of SpMV operation.
%The probability for having a nonzero in any cell of matrix A is 0.30
27 32 60
0 1
1 1
2 1
3 1
4 1
5 1
6 1
7 1
8 1
9 1
10 1
11 1
12 1
13 1
14 1
15 1
16 1
17 1
18 1
19 1
20 1
21 1
22 1
23 1
24 1
25 1
26 1
0 0
1 0
2 0
3 0
4 0
5 0
6 1
7 0
8 1
9 0
10 1
11 0
12 1
13 0
14 1
15 0
16 1
17 0
18 1
19 0
20 1
21 0
22 1
23 0
24 1
25 0
26 1
27 0
28 0
29 3
30 3
31 0
0 0
0 10
0 18
1 1
1 8
1 12
1 20
2 2
2 14
2 22
2 26
3 3
3 16
4 4
4 6
4 24
5 5
5 6
6 6
6 27
7 7
7 8
8 8
8 28
9 9
9 10
10 10
10 29
11 11
11 12
12 12
12 29
13 13
13 14
14 14
14 29
15 15
15 16
16 16
16 29
17 17
17 18
18 18
18 30
19 19
19 20
20 20
20 30
21 21
21 22
22 22
22 30
23 23
23 24
24 24
24 30
25 25
25 26
26 26
26 31
