%HyperDAG model of naive implementation of 10 iterations of the conjugate gradient method.
%The probability for having a nonzero in any cell of matrix A is 0.20
1920 1950 5912
0 1
1 1
2 1
3 1
4 1
5 1
6 1
7 1
8 1
9 1
10 1
11 1
12 1
13 1
14 1
15 1
16 1
17 1
18 1
19 1
20 1
21 1
22 1
23 1
24 1
25 1
26 1
27 1
28 1
29 1
30 1
31 1
32 1
33 1
34 1
35 1
36 1
37 1
38 1
39 1
40 1
41 1
42 1
43 1
44 1
45 1
46 1
47 1
48 1
49 1
50 1
51 1
52 1
53 1
54 1
55 1
56 1
57 1
58 1
59 1
60 1
61 1
62 1
63 1
64 1
65 1
66 1
67 1
68 1
69 1
70 1
71 1
72 1
73 1
74 1
75 1
76 1
77 1
78 1
79 1
80 1
81 1
82 1
83 1
84 1
85 1
86 1
87 1
88 1
89 1
90 1
91 1
92 1
93 1
94 1
95 1
96 1
97 1
98 1
99 1
100 1
101 1
102 1
103 1
104 1
105 1
106 1
107 1
108 1
109 1
110 1
111 1
112 1
113 1
114 1
115 1
116 1
117 1
118 1
119 1
120 1
121 1
122 1
123 1
124 1
125 1
126 1
127 1
128 1
129 1
130 1
131 1
132 1
133 1
134 1
135 1
136 1
137 1
138 1
139 1
140 1
141 1
142 1
143 1
144 1
145 1
146 1
147 1
148 1
149 1
150 1
151 1
152 1
153 1
154 1
155 1
156 1
157 1
158 1
159 1
160 1
161 1
162 1
163 1
164 1
165 1
166 1
167 1
168 1
169 1
170 1
171 1
172 1
173 1
174 1
175 1
176 1
177 1
178 1
179 1
180 1
181 1
182 1
183 1
184 1
185 1
186 1
187 1
188 1
189 1
190 1
191 1
192 1
193 1
194 1
195 1
196 1
197 1
198 1
199 1
200 1
201 1
202 1
203 1
204 1
205 1
206 1
207 1
208 1
209 1
210 1
211 1
212 1
213 1
214 1
215 1
216 1
217 1
218 1
219 1
220 1
221 1
222 1
223 1
224 1
225 1
226 1
227 1
228 1
229 1
230 1
231 1
232 1
233 1
234 1
235 1
236 1
237 1
238 1
239 1
240 1
241 1
242 1
243 1
244 1
245 1
246 1
247 1
248 1
249 1
250 1
251 1
252 1
253 1
254 1
255 1
256 1
257 1
258 1
259 1
260 1
261 1
262 1
263 1
264 1
265 1
266 1
267 1
268 1
269 1
270 1
271 1
272 1
273 1
274 1
275 1
276 1
277 1
278 1
279 1
280 1
281 1
282 1
283 1
284 1
285 1
286 1
287 1
288 1
289 1
290 1
291 1
292 1
293 1
294 1
295 1
296 1
297 1
298 1
299 1
300 1
301 1
302 1
303 1
304 1
305 1
306 1
307 1
308 1
309 1
310 1
311 1
312 1
313 1
314 1
315 1
316 1
317 1
318 1
319 1
320 1
321 1
322 1
323 1
324 1
325 1
326 1
327 1
328 1
329 1
330 1
331 1
332 1
333 1
334 1
335 1
336 1
337 1
338 1
339 1
340 1
341 1
342 1
343 1
344 1
345 1
346 1
347 1
348 1
349 1
350 1
351 1
352 1
353 1
354 1
355 1
356 1
357 1
358 1
359 1
360 1
361 1
362 1
363 1
364 1
365 1
366 1
367 1
368 1
369 1
370 1
371 1
372 1
373 1
374 1
375 1
376 1
377 1
378 1
379 1
380 1
381 1
382 1
383 1
384 1
385 1
386 1
387 1
388 1
389 1
390 1
391 1
392 1
393 1
394 1
395 1
396 1
397 1
398 1
399 1
400 1
401 1
402 1
403 1
404 1
405 1
406 1
407 1
408 1
409 1
410 1
411 1
412 1
413 1
414 1
415 1
416 1
417 1
418 1
419 1
420 1
421 1
422 1
423 1
424 1
425 1
426 1
427 1
428 1
429 1
430 1
431 1
432 1
433 1
434 1
435 1
436 1
437 1
438 1
439 1
440 1
441 1
442 1
443 1
444 1
445 1
446 1
447 1
448 1
449 1
450 1
451 1
452 1
453 1
454 1
455 1
456 1
457 1
458 1
459 1
460 1
461 1
462 1
463 1
464 1
465 1
466 1
467 1
468 1
469 1
470 1
471 1
472 1
473 1
474 1
475 1
476 1
477 1
478 1
479 1
480 1
481 1
482 1
483 1
484 1
485 1
486 1
487 1
488 1
489 1
490 1
491 1
492 1
493 1
494 1
495 1
496 1
497 1
498 1
499 1
500 1
501 1
502 1
503 1
504 1
505 1
506 1
507 1
508 1
509 1
510 1
511 1
512 1
513 1
514 1
515 1
516 1
517 1
518 1
519 1
520 1
521 1
522 1
523 1
524 1
525 1
526 1
527 1
528 1
529 1
530 1
531 1
532 1
533 1
534 1
535 1
536 1
537 1
538 1
539 1
540 1
541 1
542 1
543 1
544 1
545 1
546 1
547 1
548 1
549 1
550 1
551 1
552 1
553 1
554 1
555 1
556 1
557 1
558 1
559 1
560 1
561 1
562 1
563 1
564 1
565 1
566 1
567 1
568 1
569 1
570 1
571 1
572 1
573 1
574 1
575 1
576 1
577 1
578 1
579 1
580 1
581 1
582 1
583 1
584 1
585 1
586 1
587 1
588 1
589 1
590 1
591 1
592 1
593 1
594 1
595 1
596 1
597 1
598 1
599 1
600 1
601 1
602 1
603 1
604 1
605 1
606 1
607 1
608 1
609 1
610 1
611 1
612 1
613 1
614 1
615 1
616 1
617 1
618 1
619 1
620 1
621 1
622 1
623 1
624 1
625 1
626 1
627 1
628 1
629 1
630 1
631 1
632 1
633 1
634 1
635 1
636 1
637 1
638 1
639 1
640 1
641 1
642 1
643 1
644 1
645 1
646 1
647 1
648 1
649 1
650 1
651 1
652 1
653 1
654 1
655 1
656 1
657 1
658 1
659 1
660 1
661 1
662 1
663 1
664 1
665 1
666 1
667 1
668 1
669 1
670 1
671 1
672 1
673 1
674 1
675 1
676 1
677 1
678 1
679 1
680 1
681 1
682 1
683 1
684 1
685 1
686 1
687 1
688 1
689 1
690 1
691 1
692 1
693 1
694 1
695 1
696 1
697 1
698 1
699 1
700 1
701 1
702 1
703 1
704 1
705 1
706 1
707 1
708 1
709 1
710 1
711 1
712 1
713 1
714 1
715 1
716 1
717 1
718 1
719 1
720 1
721 1
722 1
723 1
724 1
725 1
726 1
727 1
728 1
729 1
730 1
731 1
732 1
733 1
734 1
735 1
736 1
737 1
738 1
739 1
740 1
741 1
742 1
743 1
744 1
745 1
746 1
747 1
748 1
749 1
750 1
751 1
752 1
753 1
754 1
755 1
756 1
757 1
758 1
759 1
760 1
761 1
762 1
763 1
764 1
765 1
766 1
767 1
768 1
769 1
770 1
771 1
772 1
773 1
774 1
775 1
776 1
777 1
778 1
779 1
780 1
781 1
782 1
783 1
784 1
785 1
786 1
787 1
788 1
789 1
790 1
791 1
792 1
793 1
794 1
795 1
796 1
797 1
798 1
799 1
800 1
801 1
802 1
803 1
804 1
805 1
806 1
807 1
808 1
809 1
810 1
811 1
812 1
813 1
814 1
815 1
816 1
817 1
818 1
819 1
820 1
821 1
822 1
823 1
824 1
825 1
826 1
827 1
828 1
829 1
830 1
831 1
832 1
833 1
834 1
835 1
836 1
837 1
838 1
839 1
840 1
841 1
842 1
843 1
844 1
845 1
846 1
847 1
848 1
849 1
850 1
851 1
852 1
853 1
854 1
855 1
856 1
857 1
858 1
859 1
860 1
861 1
862 1
863 1
864 1
865 1
866 1
867 1
868 1
869 1
870 1
871 1
872 1
873 1
874 1
875 1
876 1
877 1
878 1
879 1
880 1
881 1
882 1
883 1
884 1
885 1
886 1
887 1
888 1
889 1
890 1
891 1
892 1
893 1
894 1
895 1
896 1
897 1
898 1
899 1
900 1
901 1
902 1
903 1
904 1
905 1
906 1
907 1
908 1
909 1
910 1
911 1
912 1
913 1
914 1
915 1
916 1
917 1
918 1
919 1
920 1
921 1
922 1
923 1
924 1
925 1
926 1
927 1
928 1
929 1
930 1
931 1
932 1
933 1
934 1
935 1
936 1
937 1
938 1
939 1
940 1
941 1
942 1
943 1
944 1
945 1
946 1
947 1
948 1
949 1
950 1
951 1
952 1
953 1
954 1
955 1
956 1
957 1
958 1
959 1
960 1
961 1
962 1
963 1
964 1
965 1
966 1
967 1
968 1
969 1
970 1
971 1
972 1
973 1
974 1
975 1
976 1
977 1
978 1
979 1
980 1
981 1
982 1
983 1
984 1
985 1
986 1
987 1
988 1
989 1
990 1
991 1
992 1
993 1
994 1
995 1
996 1
997 1
998 1
999 1
1000 1
1001 1
1002 1
1003 1
1004 1
1005 1
1006 1
1007 1
1008 1
1009 1
1010 1
1011 1
1012 1
1013 1
1014 1
1015 1
1016 1
1017 1
1018 1
1019 1
1020 1
1021 1
1022 1
1023 1
1024 1
1025 1
1026 1
1027 1
1028 1
1029 1
1030 1
1031 1
1032 1
1033 1
1034 1
1035 1
1036 1
1037 1
1038 1
1039 1
1040 1
1041 1
1042 1
1043 1
1044 1
1045 1
1046 1
1047 1
1048 1
1049 1
1050 1
1051 1
1052 1
1053 1
1054 1
1055 1
1056 1
1057 1
1058 1
1059 1
1060 1
1061 1
1062 1
1063 1
1064 1
1065 1
1066 1
1067 1
1068 1
1069 1
1070 1
1071 1
1072 1
1073 1
1074 1
1075 1
1076 1
1077 1
1078 1
1079 1
1080 1
1081 1
1082 1
1083 1
1084 1
1085 1
1086 1
1087 1
1088 1
1089 1
1090 1
1091 1
1092 1
1093 1
1094 1
1095 1
1096 1
1097 1
1098 1
1099 1
1100 1
1101 1
1102 1
1103 1
1104 1
1105 1
1106 1
1107 1
1108 1
1109 1
1110 1
1111 1
1112 1
1113 1
1114 1
1115 1
1116 1
1117 1
1118 1
1119 1
1120 1
1121 1
1122 1
1123 1
1124 1
1125 1
1126 1
1127 1
1128 1
1129 1
1130 1
1131 1
1132 1
1133 1
1134 1
1135 1
1136 1
1137 1
1138 1
1139 1
1140 1
1141 1
1142 1
1143 1
1144 1
1145 1
1146 1
1147 1
1148 1
1149 1
1150 1
1151 1
1152 1
1153 1
1154 1
1155 1
1156 1
1157 1
1158 1
1159 1
1160 1
1161 1
1162 1
1163 1
1164 1
1165 1
1166 1
1167 1
1168 1
1169 1
1170 1
1171 1
1172 1
1173 1
1174 1
1175 1
1176 1
1177 1
1178 1
1179 1
1180 1
1181 1
1182 1
1183 1
1184 1
1185 1
1186 1
1187 1
1188 1
1189 1
1190 1
1191 1
1192 1
1193 1
1194 1
1195 1
1196 1
1197 1
1198 1
1199 1
1200 1
1201 1
1202 1
1203 1
1204 1
1205 1
1206 1
1207 1
1208 1
1209 1
1210 1
1211 1
1212 1
1213 1
1214 1
1215 1
1216 1
1217 1
1218 1
1219 1
1220 1
1221 1
1222 1
1223 1
1224 1
1225 1
1226 1
1227 1
1228 1
1229 1
1230 1
1231 1
1232 1
1233 1
1234 1
1235 1
1236 1
1237 1
1238 1
1239 1
1240 1
1241 1
1242 1
1243 1
1244 1
1245 1
1246 1
1247 1
1248 1
1249 1
1250 1
1251 1
1252 1
1253 1
1254 1
1255 1
1256 1
1257 1
1258 1
1259 1
1260 1
1261 1
1262 1
1263 1
1264 1
1265 1
1266 1
1267 1
1268 1
1269 1
1270 1
1271 1
1272 1
1273 1
1274 1
1275 1
1276 1
1277 1
1278 1
1279 1
1280 1
1281 1
1282 1
1283 1
1284 1
1285 1
1286 1
1287 1
1288 1
1289 1
1290 1
1291 1
1292 1
1293 1
1294 1
1295 1
1296 1
1297 1
1298 1
1299 1
1300 1
1301 1
1302 1
1303 1
1304 1
1305 1
1306 1
1307 1
1308 1
1309 1
1310 1
1311 1
1312 1
1313 1
1314 1
1315 1
1316 1
1317 1
1318 1
1319 1
1320 1
1321 1
1322 1
1323 1
1324 1
1325 1
1326 1
1327 1
1328 1
1329 1
1330 1
1331 1
1332 1
1333 1
1334 1
1335 1
1336 1
1337 1
1338 1
1339 1
1340 1
1341 1
1342 1
1343 1
1344 1
1345 1
1346 1
1347 1
1348 1
1349 1
1350 1
1351 1
1352 1
1353 1
1354 1
1355 1
1356 1
1357 1
1358 1
1359 1
1360 1
1361 1
1362 1
1363 1
1364 1
1365 1
1366 1
1367 1
1368 1
1369 1
1370 1
1371 1
1372 1
1373 1
1374 1
1375 1
1376 1
1377 1
1378 1
1379 1
1380 1
1381 1
1382 1
1383 1
1384 1
1385 1
1386 1
1387 1
1388 1
1389 1
1390 1
1391 1
1392 1
1393 1
1394 1
1395 1
1396 1
1397 1
1398 1
1399 1
1400 1
1401 1
1402 1
1403 1
1404 1
1405 1
1406 1
1407 1
1408 1
1409 1
1410 1
1411 1
1412 1
1413 1
1414 1
1415 1
1416 1
1417 1
1418 1
1419 1
1420 1
1421 1
1422 1
1423 1
1424 1
1425 1
1426 1
1427 1
1428 1
1429 1
1430 1
1431 1
1432 1
1433 1
1434 1
1435 1
1436 1
1437 1
1438 1
1439 1
1440 1
1441 1
1442 1
1443 1
1444 1
1445 1
1446 1
1447 1
1448 1
1449 1
1450 1
1451 1
1452 1
1453 1
1454 1
1455 1
1456 1
1457 1
1458 1
1459 1
1460 1
1461 1
1462 1
1463 1
1464 1
1465 1
1466 1
1467 1
1468 1
1469 1
1470 1
1471 1
1472 1
1473 1
1474 1
1475 1
1476 1
1477 1
1478 1
1479 1
1480 1
1481 1
1482 1
1483 1
1484 1
1485 1
1486 1
1487 1
1488 1
1489 1
1490 1
1491 1
1492 1
1493 1
1494 1
1495 1
1496 1
1497 1
1498 1
1499 1
1500 1
1501 1
1502 1
1503 1
1504 1
1505 1
1506 1
1507 1
1508 1
1509 1
1510 1
1511 1
1512 1
1513 1
1514 1
1515 1
1516 1
1517 1
1518 1
1519 1
1520 1
1521 1
1522 1
1523 1
1524 1
1525 1
1526 1
1527 1
1528 1
1529 1
1530 1
1531 1
1532 1
1533 1
1534 1
1535 1
1536 1
1537 1
1538 1
1539 1
1540 1
1541 1
1542 1
1543 1
1544 1
1545 1
1546 1
1547 1
1548 1
1549 1
1550 1
1551 1
1552 1
1553 1
1554 1
1555 1
1556 1
1557 1
1558 1
1559 1
1560 1
1561 1
1562 1
1563 1
1564 1
1565 1
1566 1
1567 1
1568 1
1569 1
1570 1
1571 1
1572 1
1573 1
1574 1
1575 1
1576 1
1577 1
1578 1
1579 1
1580 1
1581 1
1582 1
1583 1
1584 1
1585 1
1586 1
1587 1
1588 1
1589 1
1590 1
1591 1
1592 1
1593 1
1594 1
1595 1
1596 1
1597 1
1598 1
1599 1
1600 1
1601 1
1602 1
1603 1
1604 1
1605 1
1606 1
1607 1
1608 1
1609 1
1610 1
1611 1
1612 1
1613 1
1614 1
1615 1
1616 1
1617 1
1618 1
1619 1
1620 1
1621 1
1622 1
1623 1
1624 1
1625 1
1626 1
1627 1
1628 1
1629 1
1630 1
1631 1
1632 1
1633 1
1634 1
1635 1
1636 1
1637 1
1638 1
1639 1
1640 1
1641 1
1642 1
1643 1
1644 1
1645 1
1646 1
1647 1
1648 1
1649 1
1650 1
1651 1
1652 1
1653 1
1654 1
1655 1
1656 1
1657 1
1658 1
1659 1
1660 1
1661 1
1662 1
1663 1
1664 1
1665 1
1666 1
1667 1
1668 1
1669 1
1670 1
1671 1
1672 1
1673 1
1674 1
1675 1
1676 1
1677 1
1678 1
1679 1
1680 1
1681 1
1682 1
1683 1
1684 1
1685 1
1686 1
1687 1
1688 1
1689 1
1690 1
1691 1
1692 1
1693 1
1694 1
1695 1
1696 1
1697 1
1698 1
1699 1
1700 1
1701 1
1702 1
1703 1
1704 1
1705 1
1706 1
1707 1
1708 1
1709 1
1710 1
1711 1
1712 1
1713 1
1714 1
1715 1
1716 1
1717 1
1718 1
1719 1
1720 1
1721 1
1722 1
1723 1
1724 1
1725 1
1726 1
1727 1
1728 1
1729 1
1730 1
1731 1
1732 1
1733 1
1734 1
1735 1
1736 1
1737 1
1738 1
1739 1
1740 1
1741 1
1742 1
1743 1
1744 1
1745 1
1746 1
1747 1
1748 1
1749 1
1750 1
1751 1
1752 1
1753 1
1754 1
1755 1
1756 1
1757 1
1758 1
1759 1
1760 1
1761 1
1762 1
1763 1
1764 1
1765 1
1766 1
1767 1
1768 1
1769 1
1770 1
1771 1
1772 1
1773 1
1774 1
1775 1
1776 1
1777 1
1778 1
1779 1
1780 1
1781 1
1782 1
1783 1
1784 1
1785 1
1786 1
1787 1
1788 1
1789 1
1790 1
1791 1
1792 1
1793 1
1794 1
1795 1
1796 1
1797 1
1798 1
1799 1
1800 1
1801 1
1802 1
1803 1
1804 1
1805 1
1806 1
1807 1
1808 1
1809 1
1810 1
1811 1
1812 1
1813 1
1814 1
1815 1
1816 1
1817 1
1818 1
1819 1
1820 1
1821 1
1822 1
1823 1
1824 1
1825 1
1826 1
1827 1
1828 1
1829 1
1830 1
1831 1
1832 1
1833 1
1834 1
1835 1
1836 1
1837 1
1838 1
1839 1
1840 1
1841 1
1842 1
1843 1
1844 1
1845 1
1846 1
1847 1
1848 1
1849 1
1850 1
1851 1
1852 1
1853 1
1854 1
1855 1
1856 1
1857 1
1858 1
1859 1
1860 1
1861 1
1862 1
1863 1
1864 1
1865 1
1866 1
1867 1
1868 1
1869 1
1870 1
1871 1
1872 1
1873 1
1874 1
1875 1
1876 1
1877 1
1878 1
1879 1
1880 1
1881 1
1882 1
1883 1
1884 1
1885 1
1886 1
1887 1
1888 1
1889 1
1890 1
1891 1
1892 1
1893 1
1894 1
1895 1
1896 1
1897 1
1898 1
1899 1
1900 1
1901 1
1902 1
1903 1
1904 1
1905 1
1906 1
1907 1
1908 1
1909 1
1910 1
1911 1
1912 1
1913 1
1914 1
1915 1
1916 1
1917 1
1918 1
1919 1
0 0
1 0
2 0
3 0
4 0
5 0
6 0
7 0
8 0
9 0
10 0
11 0
12 0
13 0
14 0
15 0
16 0
17 0
18 0
19 0
20 0
21 0
22 0
23 0
24 0
25 0
26 0
27 0
28 0
29 0
30 0
31 0
32 0
33 0
34 0
35 0
36 0
37 0
38 0
39 0
40 0
41 0
42 0
43 0
44 0
45 0
46 0
47 0
48 0
49 0
50 0
51 0
52 0
53 0
54 0
55 0
56 0
57 0
58 1
59 1
60 1
61 1
62 1
63 1
64 1
65 1
66 1
67 1
68 1
69 1
70 1
71 1
72 1
73 1
74 1
75 1
76 1
77 1
78 1
79 1
80 1
81 1
82 1
83 1
84 1
85 1
86 1
87 1
88 1
89 1
90 1
91 1
92 1
93 1
94 1
95 1
96 1
97 1
98 1
99 1
100 1
101 0
102 5
103 0
104 5
105 0
106 0
107 0
108 1
109 2
110 4
111 5
112 5
113 1
114 1
115 0
116 0
117 0
118 0
119 0
120 0
121 0
122 0
123 0
124 0
125 0
126 0
127 0
128 0
129 0
130 0
131 1
132 1
133 1
134 1
135 1
136 1
137 1
138 1
139 1
140 1
141 1
142 1
143 1
144 1
145 1
146 0
147 0
148 0
149 0
150 0
151 0
152 0
153 0
154 0
155 0
156 0
157 0
158 0
159 0
160 0
161 0
162 0
163 0
164 0
165 0
166 0
167 0
168 0
169 0
170 0
171 0
172 0
173 0
174 0
175 0
176 14
177 1
178 1
179 1
180 1
181 1
182 1
183 1
184 1
185 1
186 1
187 1
188 1
189 1
190 1
191 1
192 1
193 1
194 1
195 1
196 1
197 1
198 1
199 1
200 1
201 1
202 1
203 1
204 1
205 1
206 1
207 1
208 1
209 1
210 1
211 1
212 1
213 1
214 1
215 1
216 1
217 1
218 1
219 1
220 0
221 5
222 0
223 5
224 0
225 0
226 0
227 1
228 2
229 4
230 5
231 5
232 1
233 1
234 0
235 1
236 1
237 1
238 1
239 1
240 1
241 1
242 1
243 1
244 1
245 1
246 1
247 1
248 1
249 1
250 14
251 1
252 1
253 1
254 1
255 1
256 1
257 1
258 1
259 1
260 1
261 1
262 1
263 1
264 1
265 1
266 1
267 1
268 1
269 1
270 1
271 1
272 1
273 1
274 1
275 1
276 1
277 1
278 1
279 1
280 1
281 1
282 1
283 1
284 1
285 1
286 1
287 1
288 1
289 1
290 1
291 1
292 1
293 1
294 1
295 1
296 1
297 1
298 1
299 1
300 1
301 1
302 1
303 1
304 1
305 1
306 1
307 1
308 1
309 1
310 1
311 1
312 0
313 0
314 0
315 0
316 0
317 0
318 0
319 0
320 0
321 0
322 0
323 0
324 0
325 0
326 0
327 14
328 1
329 1
330 1
331 1
332 1
333 1
334 1
335 1
336 1
337 1
338 1
339 1
340 1
341 1
342 1
343 1
344 1
345 1
346 1
347 1
348 1
349 1
350 1
351 1
352 1
353 1
354 1
355 1
356 1
357 1
358 1
359 1
360 1
361 1
362 1
363 1
364 1
365 1
366 1
367 1
368 1
369 1
370 1
371 1
372 1
373 1
374 1
375 1
376 1
377 1
378 1
379 1
380 1
381 1
382 1
383 1
384 1
385 1
386 1
387 1
388 1
389 1
390 1
391 1
392 1
393 1
394 1
395 1
396 1
397 1
398 1
399 1
400 1
401 1
402 0
403 5
404 0
405 5
406 0
407 0
408 0
409 1
410 2
411 4
412 5
413 5
414 1
415 1
416 0
417 1
418 1
419 1
420 1
421 1
422 1
423 1
424 1
425 1
426 1
427 1
428 1
429 1
430 1
431 1
432 14
433 1
434 1
435 1
436 1
437 1
438 1
439 1
440 1
441 1
442 1
443 1
444 1
445 1
446 1
447 1
448 1
449 1
450 1
451 1
452 1
453 1
454 1
455 1
456 1
457 1
458 1
459 1
460 1
461 1
462 1
463 1
464 1
465 1
466 1
467 1
468 1
469 1
470 1
471 1
472 1
473 1
474 1
475 1
476 1
477 1
478 1
479 1
480 1
481 1
482 1
483 1
484 1
485 1
486 1
487 1
488 1
489 1
490 1
491 1
492 1
493 1
494 0
495 0
496 0
497 0
498 0
499 0
500 0
501 0
502 0
503 0
504 0
505 0
506 0
507 0
508 0
509 14
510 1
511 1
512 1
513 1
514 1
515 1
516 1
517 1
518 1
519 1
520 1
521 1
522 1
523 1
524 1
525 1
526 1
527 1
528 1
529 1
530 1
531 1
532 1
533 1
534 1
535 1
536 1
537 1
538 1
539 1
540 1
541 1
542 1
543 1
544 1
545 1
546 1
547 1
548 1
549 1
550 1
551 1
552 1
553 1
554 1
555 1
556 1
557 1
558 1
559 1
560 1
561 1
562 1
563 1
564 1
565 1
566 1
567 1
568 1
569 1
570 1
571 1
572 1
573 1
574 1
575 1
576 1
577 1
578 1
579 1
580 1
581 1
582 1
583 1
584 0
585 5
586 0
587 5
588 0
589 0
590 0
591 1
592 2
593 4
594 5
595 5
596 1
597 1
598 0
599 1
600 1
601 1
602 1
603 1
604 1
605 1
606 1
607 1
608 1
609 1
610 1
611 1
612 1
613 1
614 14
615 1
616 1
617 1
618 1
619 1
620 1
621 1
622 1
623 1
624 1
625 1
626 1
627 1
628 1
629 1
630 1
631 1
632 1
633 1
634 1
635 1
636 1
637 1
638 1
639 1
640 1
641 1
642 1
643 1
644 1
645 1
646 1
647 1
648 1
649 1
650 1
651 1
652 1
653 1
654 1
655 1
656 1
657 1
658 1
659 1
660 1
661 1
662 1
663 1
664 1
665 1
666 1
667 1
668 1
669 1
670 1
671 1
672 1
673 1
674 1
675 1
676 0
677 0
678 0
679 0
680 0
681 0
682 0
683 0
684 0
685 0
686 0
687 0
688 0
689 0
690 0
691 14
692 1
693 1
694 1
695 1
696 1
697 1
698 1
699 1
700 1
701 1
702 1
703 1
704 1
705 1
706 1
707 1
708 1
709 1
710 1
711 1
712 1
713 1
714 1
715 1
716 1
717 1
718 1
719 1
720 1
721 1
722 1
723 1
724 1
725 1
726 1
727 1
728 1
729 1
730 1
731 1
732 1
733 1
734 1
735 1
736 1
737 1
738 1
739 1
740 1
741 1
742 1
743 1
744 1
745 1
746 1
747 1
748 1
749 1
750 1
751 1
752 1
753 1
754 1
755 1
756 1
757 1
758 1
759 1
760 1
761 1
762 1
763 1
764 1
765 1
766 0
767 5
768 0
769 5
770 0
771 0
772 0
773 1
774 2
775 4
776 5
777 5
778 1
779 1
780 0
781 1
782 1
783 1
784 1
785 1
786 1
787 1
788 1
789 1
790 1
791 1
792 1
793 1
794 1
795 1
796 14
797 1
798 1
799 1
800 1
801 1
802 1
803 1
804 1
805 1
806 1
807 1
808 1
809 1
810 1
811 1
812 1
813 1
814 1
815 1
816 1
817 1
818 1
819 1
820 1
821 1
822 1
823 1
824 1
825 1
826 1
827 1
828 1
829 1
830 1
831 1
832 1
833 1
834 1
835 1
836 1
837 1
838 1
839 1
840 1
841 1
842 1
843 1
844 1
845 1
846 1
847 1
848 1
849 1
850 1
851 1
852 1
853 1
854 1
855 1
856 1
857 1
858 0
859 0
860 0
861 0
862 0
863 0
864 0
865 0
866 0
867 0
868 0
869 0
870 0
871 0
872 0
873 14
874 1
875 1
876 1
877 1
878 1
879 1
880 1
881 1
882 1
883 1
884 1
885 1
886 1
887 1
888 1
889 1
890 1
891 1
892 1
893 1
894 1
895 1
896 1
897 1
898 1
899 1
900 1
901 1
902 1
903 1
904 1
905 1
906 1
907 1
908 1
909 1
910 1
911 1
912 1
913 1
914 1
915 1
916 1
917 1
918 1
919 1
920 1
921 1
922 1
923 1
924 1
925 1
926 1
927 1
928 1
929 1
930 1
931 1
932 1
933 1
934 1
935 1
936 1
937 1
938 1
939 1
940 1
941 1
942 1
943 1
944 1
945 1
946 1
947 1
948 0
949 5
950 0
951 5
952 0
953 0
954 0
955 1
956 2
957 4
958 5
959 5
960 1
961 1
962 0
963 1
964 1
965 1
966 1
967 1
968 1
969 1
970 1
971 1
972 1
973 1
974 1
975 1
976 1
977 1
978 14
979 1
980 1
981 1
982 1
983 1
984 1
985 1
986 1
987 1
988 1
989 1
990 1
991 1
992 1
993 1
994 1
995 1
996 1
997 1
998 1
999 1
1000 1
1001 1
1002 1
1003 1
1004 1
1005 1
1006 1
1007 1
1008 1
1009 1
1010 1
1011 1
1012 1
1013 1
1014 1
1015 1
1016 1
1017 1
1018 1
1019 1
1020 1
1021 1
1022 1
1023 1
1024 1
1025 1
1026 1
1027 1
1028 1
1029 1
1030 1
1031 1
1032 1
1033 1
1034 1
1035 1
1036 1
1037 1
1038 1
1039 1
1040 0
1041 0
1042 0
1043 0
1044 0
1045 0
1046 0
1047 0
1048 0
1049 0
1050 0
1051 0
1052 0
1053 0
1054 0
1055 14
1056 1
1057 1
1058 1
1059 1
1060 1
1061 1
1062 1
1063 1
1064 1
1065 1
1066 1
1067 1
1068 1
1069 1
1070 1
1071 1
1072 1
1073 1
1074 1
1075 1
1076 1
1077 1
1078 1
1079 1
1080 1
1081 1
1082 1
1083 1
1084 1
1085 1
1086 1
1087 1
1088 1
1089 1
1090 1
1091 1
1092 1
1093 1
1094 1
1095 1
1096 1
1097 1
1098 1
1099 1
1100 1
1101 1
1102 1
1103 1
1104 1
1105 1
1106 1
1107 1
1108 1
1109 1
1110 1
1111 1
1112 1
1113 1
1114 1
1115 1
1116 1
1117 1
1118 1
1119 1
1120 1
1121 1
1122 1
1123 1
1124 1
1125 1
1126 1
1127 1
1128 1
1129 1
1130 0
1131 5
1132 0
1133 5
1134 0
1135 0
1136 0
1137 1
1138 2
1139 4
1140 5
1141 5
1142 1
1143 1
1144 0
1145 1
1146 1
1147 1
1148 1
1149 1
1150 1
1151 1
1152 1
1153 1
1154 1
1155 1
1156 1
1157 1
1158 1
1159 1
1160 14
1161 1
1162 1
1163 1
1164 1
1165 1
1166 1
1167 1
1168 1
1169 1
1170 1
1171 1
1172 1
1173 1
1174 1
1175 1
1176 1
1177 1
1178 1
1179 1
1180 1
1181 1
1182 1
1183 1
1184 1
1185 1
1186 1
1187 1
1188 1
1189 1
1190 1
1191 1
1192 1
1193 1
1194 1
1195 1
1196 1
1197 1
1198 1
1199 1
1200 1
1201 1
1202 1
1203 1
1204 1
1205 1
1206 1
1207 1
1208 1
1209 1
1210 1
1211 1
1212 1
1213 1
1214 1
1215 1
1216 1
1217 1
1218 1
1219 1
1220 1
1221 1
1222 0
1223 0
1224 0
1225 0
1226 0
1227 0
1228 0
1229 0
1230 0
1231 0
1232 0
1233 0
1234 0
1235 0
1236 0
1237 14
1238 1
1239 1
1240 1
1241 1
1242 1
1243 1
1244 1
1245 1
1246 1
1247 1
1248 1
1249 1
1250 1
1251 1
1252 1
1253 1
1254 1
1255 1
1256 1
1257 1
1258 1
1259 1
1260 1
1261 1
1262 1
1263 1
1264 1
1265 1
1266 1
1267 1
1268 1
1269 1
1270 1
1271 1
1272 1
1273 1
1274 1
1275 1
1276 1
1277 1
1278 1
1279 1
1280 1
1281 1
1282 1
1283 1
1284 1
1285 1
1286 1
1287 1
1288 1
1289 1
1290 1
1291 1
1292 1
1293 1
1294 1
1295 1
1296 1
1297 1
1298 1
1299 1
1300 1
1301 1
1302 1
1303 1
1304 1
1305 1
1306 1
1307 1
1308 1
1309 1
1310 1
1311 1
1312 0
1313 5
1314 0
1315 5
1316 0
1317 0
1318 0
1319 1
1320 2
1321 4
1322 5
1323 5
1324 1
1325 1
1326 0
1327 1
1328 1
1329 1
1330 1
1331 1
1332 1
1333 1
1334 1
1335 1
1336 1
1337 1
1338 1
1339 1
1340 1
1341 1
1342 14
1343 1
1344 1
1345 1
1346 1
1347 1
1348 1
1349 1
1350 1
1351 1
1352 1
1353 1
1354 1
1355 1
1356 1
1357 1
1358 1
1359 1
1360 1
1361 1
1362 1
1363 1
1364 1
1365 1
1366 1
1367 1
1368 1
1369 1
1370 1
1371 1
1372 1
1373 1
1374 1
1375 1
1376 1
1377 1
1378 1
1379 1
1380 1
1381 1
1382 1
1383 1
1384 1
1385 1
1386 1
1387 1
1388 1
1389 1
1390 1
1391 1
1392 1
1393 1
1394 1
1395 1
1396 1
1397 1
1398 1
1399 1
1400 1
1401 1
1402 1
1403 1
1404 0
1405 0
1406 0
1407 0
1408 0
1409 0
1410 0
1411 0
1412 0
1413 0
1414 0
1415 0
1416 0
1417 0
1418 0
1419 14
1420 1
1421 1
1422 1
1423 1
1424 1
1425 1
1426 1
1427 1
1428 1
1429 1
1430 1
1431 1
1432 1
1433 1
1434 1
1435 1
1436 1
1437 1
1438 1
1439 1
1440 1
1441 1
1442 1
1443 1
1444 1
1445 1
1446 1
1447 1
1448 1
1449 1
1450 1
1451 1
1452 1
1453 1
1454 1
1455 1
1456 1
1457 1
1458 1
1459 1
1460 1
1461 1
1462 1
1463 1
1464 1
1465 1
1466 1
1467 1
1468 1
1469 1
1470 1
1471 1
1472 1
1473 1
1474 1
1475 1
1476 1
1477 1
1478 1
1479 1
1480 1
1481 1
1482 1
1483 1
1484 1
1485 1
1486 1
1487 1
1488 1
1489 1
1490 1
1491 1
1492 1
1493 1
1494 0
1495 5
1496 0
1497 5
1498 0
1499 0
1500 0
1501 1
1502 2
1503 4
1504 5
1505 5
1506 1
1507 1
1508 0
1509 1
1510 1
1511 1
1512 1
1513 1
1514 1
1515 1
1516 1
1517 1
1518 1
1519 1
1520 1
1521 1
1522 1
1523 1
1524 14
1525 1
1526 1
1527 1
1528 1
1529 1
1530 1
1531 1
1532 1
1533 1
1534 1
1535 1
1536 1
1537 1
1538 1
1539 1
1540 1
1541 1
1542 1
1543 1
1544 1
1545 1
1546 1
1547 1
1548 1
1549 1
1550 1
1551 1
1552 1
1553 1
1554 1
1555 1
1556 1
1557 1
1558 1
1559 1
1560 1
1561 1
1562 1
1563 1
1564 1
1565 1
1566 1
1567 1
1568 1
1569 1
1570 1
1571 1
1572 1
1573 1
1574 1
1575 1
1576 1
1577 1
1578 1
1579 1
1580 1
1581 1
1582 1
1583 1
1584 1
1585 1
1586 0
1587 0
1588 0
1589 0
1590 0
1591 0
1592 0
1593 0
1594 0
1595 0
1596 0
1597 0
1598 0
1599 0
1600 0
1601 14
1602 1
1603 1
1604 1
1605 1
1606 1
1607 1
1608 1
1609 1
1610 1
1611 1
1612 1
1613 1
1614 1
1615 1
1616 1
1617 1
1618 1
1619 1
1620 1
1621 1
1622 1
1623 1
1624 1
1625 1
1626 1
1627 1
1628 1
1629 1
1630 1
1631 1
1632 1
1633 1
1634 1
1635 1
1636 1
1637 1
1638 1
1639 1
1640 1
1641 1
1642 1
1643 1
1644 1
1645 1
1646 1
1647 1
1648 1
1649 1
1650 1
1651 1
1652 1
1653 1
1654 1
1655 1
1656 1
1657 1
1658 1
1659 1
1660 1
1661 1
1662 1
1663 1
1664 1
1665 1
1666 1
1667 1
1668 1
1669 1
1670 1
1671 1
1672 1
1673 1
1674 1
1675 1
1676 0
1677 5
1678 0
1679 5
1680 0
1681 0
1682 0
1683 1
1684 2
1685 4
1686 5
1687 5
1688 1
1689 1
1690 0
1691 1
1692 1
1693 1
1694 1
1695 1
1696 1
1697 1
1698 1
1699 1
1700 1
1701 1
1702 1
1703 1
1704 1
1705 1
1706 14
1707 1
1708 1
1709 1
1710 1
1711 1
1712 1
1713 1
1714 1
1715 1
1716 1
1717 1
1718 1
1719 1
1720 1
1721 1
1722 1
1723 1
1724 1
1725 1
1726 1
1727 1
1728 1
1729 1
1730 1
1731 1
1732 1
1733 1
1734 1
1735 1
1736 1
1737 1
1738 1
1739 1
1740 1
1741 1
1742 1
1743 1
1744 1
1745 1
1746 1
1747 1
1748 1
1749 1
1750 1
1751 1
1752 1
1753 1
1754 1
1755 1
1756 1
1757 1
1758 1
1759 1
1760 1
1761 1
1762 1
1763 1
1764 1
1765 1
1766 1
1767 1
1768 0
1769 0
1770 0
1771 0
1772 0
1773 0
1774 0
1775 0
1776 0
1777 0
1778 0
1779 0
1780 0
1781 0
1782 0
1783 14
1784 1
1785 1
1786 1
1787 1
1788 1
1789 1
1790 1
1791 1
1792 1
1793 1
1794 1
1795 1
1796 1
1797 1
1798 1
1799 1
1800 1
1801 1
1802 1
1803 1
1804 1
1805 1
1806 1
1807 1
1808 1
1809 1
1810 1
1811 1
1812 1
1813 1
1814 1
1815 1
1816 1
1817 1
1818 1
1819 1
1820 1
1821 1
1822 1
1823 1
1824 1
1825 1
1826 1
1827 1
1828 1
1829 1
1830 1
1831 1
1832 1
1833 1
1834 1
1835 1
1836 1
1837 1
1838 1
1839 1
1840 1
1841 1
1842 1
1843 1
1844 1
1845 1
1846 1
1847 1
1848 1
1849 1
1850 1
1851 1
1852 1
1853 1
1854 1
1855 1
1856 1
1857 1
1858 0
1859 5
1860 0
1861 5
1862 0
1863 0
1864 0
1865 1
1866 2
1867 4
1868 5
1869 5
1870 1
1871 1
1872 0
1873 1
1874 1
1875 1
1876 1
1877 1
1878 1
1879 1
1880 1
1881 1
1882 1
1883 1
1884 1
1885 1
1886 1
1887 1
1888 14
1889 1
1890 1
1891 1
1892 1
1893 1
1894 1
1895 1
1896 1
1897 1
1898 1
1899 1
1900 1
1901 1
1902 1
1903 1
1904 1
1905 1
1906 1
1907 1
1908 1
1909 1
1910 1
1911 1
1912 1
1913 1
1914 1
1915 1
1916 1
1917 1
1918 1
1919 1
1920 1
1921 1
1922 1
1923 1
1924 1
1925 1
1926 1
1927 1
1928 1
1929 1
1930 1
1931 1
1932 1
1933 1
1934 1
1935 1
1936 1
1937 1
1938 1
1939 1
1940 1
1941 1
1942 1
1943 1
1944 1
1945 1
1946 1
1947 1
1948 1
1949 1
0 0
0 58
0 177
0 359
0 541
0 723
0 905
0 1087
0 1269
0 1451
0 1633
0 1815
1 1
1 59
1 178
1 360
1 542
1 724
1 906
1 1088
1 1270
1 1452
1 1634
1 1816
2 2
2 60
2 179
2 361
2 543
2 725
2 907
2 1089
2 1271
2 1453
2 1635
2 1817
3 3
3 61
3 180
3 362
3 544
3 726
3 908
3 1090
3 1272
3 1454
3 1636
3 1818
4 4
4 62
4 181
4 363
4 545
4 727
4 909
4 1091
4 1273
4 1455
4 1637
4 1819
5 5
5 63
5 182
5 364
5 546
5 728
5 910
5 1092
5 1274
5 1456
5 1638
5 1820
6 6
6 64
6 183
6 365
6 547
6 729
6 911
6 1093
6 1275
6 1457
6 1639
6 1821
7 7
7 65
7 184
7 366
7 548
7 730
7 912
7 1094
7 1276
7 1458
7 1640
7 1822
8 8
8 66
8 185
8 367
8 549
8 731
8 913
8 1095
8 1277
8 1459
8 1641
8 1823
9 9
9 67
9 186
9 368
9 550
9 732
9 914
9 1096
9 1278
9 1460
9 1642
9 1824
10 10
10 68
10 187
10 369
10 551
10 733
10 915
10 1097
10 1279
10 1461
10 1643
10 1825
11 11
11 69
11 188
11 370
11 552
11 734
11 916
11 1098
11 1280
11 1462
11 1644
11 1826
12 12
12 70
12 189
12 371
12 553
12 735
12 917
12 1099
12 1281
12 1463
12 1645
12 1827
13 13
13 71
13 190
13 372
13 554
13 736
13 918
13 1100
13 1282
13 1464
13 1646
13 1828
14 14
14 72
14 191
14 373
14 555
14 737
14 919
14 1101
14 1283
14 1465
14 1647
14 1829
15 15
15 73
15 192
15 374
15 556
15 738
15 920
15 1102
15 1284
15 1466
15 1648
15 1830
16 16
16 74
16 193
16 375
16 557
16 739
16 921
16 1103
16 1285
16 1467
16 1649
16 1831
17 17
17 75
17 194
17 376
17 558
17 740
17 922
17 1104
17 1286
17 1468
17 1650
17 1832
18 18
18 76
18 195
18 377
18 559
18 741
18 923
18 1105
18 1287
18 1469
18 1651
18 1833
19 19
19 77
19 196
19 378
19 560
19 742
19 924
19 1106
19 1288
19 1470
19 1652
19 1834
20 20
20 78
20 197
20 379
20 561
20 743
20 925
20 1107
20 1289
20 1471
20 1653
20 1835
21 21
21 79
21 198
21 380
21 562
21 744
21 926
21 1108
21 1290
21 1472
21 1654
21 1836
22 22
22 80
22 199
22 381
22 563
22 745
22 927
22 1109
22 1291
22 1473
22 1655
22 1837
23 23
23 81
23 200
23 382
23 564
23 746
23 928
23 1110
23 1292
23 1474
23 1656
23 1838
24 24
24 82
24 201
24 383
24 565
24 747
24 929
24 1111
24 1293
24 1475
24 1657
24 1839
25 25
25 83
25 202
25 384
25 566
25 748
25 930
25 1112
25 1294
25 1476
25 1658
25 1840
26 26
26 84
26 203
26 385
26 567
26 749
26 931
26 1113
26 1295
26 1477
26 1659
26 1841
27 27
27 85
27 204
27 386
27 568
27 750
27 932
27 1114
27 1296
27 1478
27 1660
27 1842
28 28
28 86
28 205
28 387
28 569
28 751
28 933
28 1115
28 1297
28 1479
28 1661
28 1843
29 29
29 87
29 206
29 388
29 570
29 752
29 934
29 1116
29 1298
29 1480
29 1662
29 1844
30 30
30 88
30 207
30 389
30 571
30 753
30 935
30 1117
30 1299
30 1481
30 1663
30 1845
31 31
31 89
31 208
31 390
31 572
31 754
31 936
31 1118
31 1300
31 1482
31 1664
31 1846
32 32
32 90
32 209
32 391
32 573
32 755
32 937
32 1119
32 1301
32 1483
32 1665
32 1847
33 33
33 91
33 210
33 392
33 574
33 756
33 938
33 1120
33 1302
33 1484
33 1666
33 1848
34 34
34 92
34 211
34 393
34 575
34 757
34 939
34 1121
34 1303
34 1485
34 1667
34 1849
35 35
35 93
35 212
35 394
35 576
35 758
35 940
35 1122
35 1304
35 1486
35 1668
35 1850
36 36
36 94
36 213
36 395
36 577
36 759
36 941
36 1123
36 1305
36 1487
36 1669
36 1851
37 37
37 95
37 214
37 396
37 578
37 760
37 942
37 1124
37 1306
37 1488
37 1670
37 1852
38 38
38 96
38 215
38 397
38 579
38 761
38 943
38 1125
38 1307
38 1489
38 1671
38 1853
39 39
39 97
39 216
39 398
39 580
39 762
39 944
39 1126
39 1308
39 1490
39 1672
39 1854
40 40
40 98
40 217
40 399
40 581
40 763
40 945
40 1127
40 1309
40 1491
40 1673
40 1855
41 41
41 99
41 218
41 400
41 582
41 764
41 946
41 1128
41 1310
41 1492
41 1674
41 1856
42 42
42 100
42 219
42 401
42 583
42 765
42 947
42 1129
42 1311
42 1493
42 1675
42 1857
43 43
43 76
43 267
44 44
44 77
44 79
44 268
45 45
45 84
45 90
45 269
46 46
46 59
46 65
46 80
46 85
46 270
47 47
47 91
47 271
48 48
48 58
48 60
48 81
48 86
48 96
48 272
49 49
49 66
49 72
49 87
49 92
49 273
50 50
50 61
50 67
50 82
50 93
50 274
51 51
51 100
51 275
52 52
52 62
52 74
52 83
52 276
53 53
53 94
53 277
54 54
54 63
54 68
54 71
54 95
54 98
54 278
55 55
55 64
55 69
55 88
55 279
56 56
56 75
56 89
56 280
57 57
57 70
57 73
57 78
57 97
57 99
57 281
58 58
58 101
59 59
59 102
60 60
60 102
61 61
61 102
62 62
62 102
63 63
63 102
64 64
64 102
65 65
65 104
66 66
66 104
67 67
67 104
68 68
68 104
69 69
69 104
70 70
70 104
71 71
71 105
72 72
72 106
73 73
73 107
74 74
74 108
75 75
75 108
76 76
76 109
77 77
77 109
78 78
78 109
79 79
79 110
80 80
80 110
81 81
81 110
82 82
82 110
83 83
83 110
84 84
84 111
85 85
85 111
86 86
86 111
87 87
87 111
88 88
88 111
89 89
89 111
90 90
90 112
91 91
91 112
92 92
92 112
93 93
93 112
94 94
94 112
95 95
95 112
96 96
96 113
97 97
97 113
98 98
98 114
99 99
99 114
100 100
100 115
101 101
101 131
102 102
102 132
103 103
103 133
104 104
104 134
105 105
105 135
106 106
106 136
107 107
107 137
108 108
108 138
109 109
109 139
110 110
110 140
111 111
111 141
112 112
112 142
113 113
113 143
114 114
114 144
115 115
115 145
116 116
116 131
117 117
117 132
118 118
118 133
119 119
119 134
120 120
120 135
121 121
121 136
122 122
122 137
123 123
123 138
124 124
124 139
125 125
125 140
126 126
126 141
127 127
127 142
128 128
128 143
129 129
129 144
130 130
130 145
131 131
131 146
131 161
131 297
132 132
132 147
132 162
132 298
133 133
133 148
133 163
133 299
134 134
134 149
134 164
134 300
135 135
135 150
135 165
135 301
136 136
136 151
136 166
136 302
137 137
137 152
137 167
137 303
138 138
138 153
138 168
138 304
139 139
139 154
139 169
139 305
140 140
140 155
140 170
140 306
141 141
141 156
141 171
141 307
142 142
142 157
142 172
142 308
143 143
143 158
143 173
143 309
144 144
144 159
144 174
144 310
145 145
145 160
145 175
145 311
146 146
146 195
146 235
146 252
146 329
147 147
147 196
147 198
147 236
147 253
147 330
148 148
148 203
148 209
148 237
148 254
148 331
149 149
149 178
149 184
149 199
149 204
149 238
149 255
149 332
150 150
150 210
150 239
150 256
150 333
151 151
151 177
151 179
151 200
151 205
151 215
151 240
151 257
151 334
152 152
152 185
152 191
152 206
152 211
152 241
152 258
152 335
153 153
153 180
153 186
153 201
153 212
153 242
153 259
153 336
154 154
154 219
154 243
154 260
154 337
155 155
155 181
155 193
155 202
155 244
155 261
155 338
156 156
156 213
156 245
156 262
156 339
157 157
157 182
157 187
157 190
157 214
157 217
157 246
157 263
157 340
158 158
158 183
158 188
158 207
158 247
158 264
158 341
159 159
159 194
159 208
159 248
159 265
159 342
160 160
160 189
160 192
160 197
160 216
160 218
160 249
160 266
160 343
161 161
161 176
162 162
162 176
163 163
163 176
164 164
164 176
165 165
165 176
166 166
166 176
167 167
167 176
168 168
168 176
169 169
169 176
170 170
170 176
171 171
171 176
172 172
172 176
173 173
173 176
174 174
174 176
175 175
175 176
176 176
176 251
176 328
177 177
177 220
178 178
178 221
179 179
179 221
180 180
180 221
181 181
181 221
182 182
182 221
183 183
183 221
184 184
184 223
185 185
185 223
186 186
186 223
187 187
187 223
188 188
188 223
189 189
189 223
190 190
190 224
191 191
191 225
192 192
192 226
193 193
193 227
194 194
194 227
195 195
195 228
196 196
196 228
197 197
197 228
198 198
198 229
199 199
199 229
200 200
200 229
201 201
201 229
202 202
202 229
203 203
203 230
204 204
204 230
205 205
205 230
206 206
206 230
207 207
207 230
208 208
208 230
209 209
209 231
210 210
210 231
211 211
211 231
212 212
212 231
213 213
213 231
214 214
214 231
215 215
215 232
216 216
216 232
217 217
217 233
218 218
218 233
219 219
219 234
220 220
220 235
220 282
221 221
221 236
221 283
222 222
222 237
222 284
223 223
223 238
223 285
224 224
224 239
224 286
225 225
225 240
225 287
226 226
226 241
226 288
227 227
227 242
227 289
228 228
228 243
228 290
229 229
229 244
229 291
230 230
230 245
230 292
231 231
231 246
231 293
232 232
232 247
232 294
233 233
233 248
233 295
234 234
234 249
234 296
235 235
235 250
236 236
236 250
237 237
237 250
238 238
238 250
239 239
239 250
240 240
240 250
241 241
241 250
242 242
242 250
243 243
243 250
244 244
244 250
245 245
245 250
246 246
246 250
247 247
247 250
248 248
248 250
249 249
249 250
250 250
250 251
251 251
251 252
251 253
251 254
251 255
251 256
251 257
251 258
251 259
251 260
251 261
251 262
251 263
251 264
251 265
251 266
251 282
251 283
251 284
251 285
251 286
251 287
251 288
251 289
251 290
251 291
251 292
251 293
251 294
251 295
251 296
252 252
252 267
253 253
253 268
254 254
254 269
255 255
255 270
256 256
256 271
257 257
257 272
258 258
258 273
259 259
259 274
260 260
260 275
261 261
261 276
262 262
262 277
263 263
263 278
264 264
264 279
265 265
265 280
266 266
266 281
267 267
267 449
268 268
268 450
269 269
269 451
270 270
270 452
271 271
271 453
272 272
272 454
273 273
273 455
274 274
274 456
275 275
275 457
276 276
276 458
277 277
277 459
278 278
278 460
279 279
279 461
280 280
280 462
281 281
281 463
282 282
282 297
283 283
283 298
284 284
284 299
285 285
285 300
286 286
286 301
287 287
287 302
288 288
288 303
289 289
289 304
290 290
290 305
291 291
291 306
292 292
292 307
293 293
293 308
294 294
294 309
295 295
295 310
296 296
296 311
297 297
297 312
297 344
297 479
298 298
298 313
298 345
298 480
299 299
299 314
299 346
299 481
300 300
300 315
300 347
300 482
301 301
301 316
301 348
301 483
302 302
302 317
302 349
302 484
303 303
303 318
303 350
303 485
304 304
304 319
304 351
304 486
305 305
305 320
305 352
305 487
306 306
306 321
306 353
306 488
307 307
307 322
307 354
307 489
308 308
308 323
308 355
308 490
309 309
309 324
309 356
309 491
310 310
310 325
310 357
310 492
311 311
311 326
311 358
311 493
312 312
312 327
313 313
313 327
314 314
314 327
315 315
315 327
316 316
316 327
317 317
317 327
318 318
318 327
319 319
319 327
320 320
320 327
321 321
321 327
322 322
322 327
323 323
323 327
324 324
324 327
325 325
325 327
326 326
326 327
327 327
327 328
327 433
327 510
328 328
328 329
328 330
328 331
328 332
328 333
328 334
328 335
328 336
328 337
328 338
328 339
328 340
328 341
328 342
328 343
329 329
329 344
330 330
330 345
331 331
331 346
332 332
332 347
333 333
333 348
334 334
334 349
335 335
335 350
336 336
336 351
337 337
337 352
338 338
338 353
339 339
339 354
340 340
340 355
341 341
341 356
342 342
342 357
343 343
343 358
344 344
344 377
344 417
344 434
344 511
345 345
345 378
345 380
345 418
345 435
345 512
346 346
346 385
346 391
346 419
346 436
346 513
347 347
347 360
347 366
347 381
347 386
347 420
347 437
347 514
348 348
348 392
348 421
348 438
348 515
349 349
349 359
349 361
349 382
349 387
349 397
349 422
349 439
349 516
350 350
350 367
350 373
350 388
350 393
350 423
350 440
350 517
351 351
351 362
351 368
351 383
351 394
351 424
351 441
351 518
352 352
352 401
352 425
352 442
352 519
353 353
353 363
353 375
353 384
353 426
353 443
353 520
354 354
354 395
354 427
354 444
354 521
355 355
355 364
355 369
355 372
355 396
355 399
355 428
355 445
355 522
356 356
356 365
356 370
356 389
356 429
356 446
356 523
357 357
357 376
357 390
357 430
357 447
357 524
358 358
358 371
358 374
358 379
358 398
358 400
358 431
358 448
358 525
359 359
359 402
360 360
360 403
361 361
361 403
362 362
362 403
363 363
363 403
364 364
364 403
365 365
365 403
366 366
366 405
367 367
367 405
368 368
368 405
369 369
369 405
370 370
370 405
371 371
371 405
372 372
372 406
373 373
373 407
374 374
374 408
375 375
375 409
376 376
376 409
377 377
377 410
378 378
378 410
379 379
379 410
380 380
380 411
381 381
381 411
382 382
382 411
383 383
383 411
384 384
384 411
385 385
385 412
386 386
386 412
387 387
387 412
388 388
388 412
389 389
389 412
390 390
390 412
391 391
391 413
392 392
392 413
393 393
393 413
394 394
394 413
395 395
395 413
396 396
396 413
397 397
397 414
398 398
398 414
399 399
399 415
400 400
400 415
401 401
401 416
402 402
402 417
402 464
403 403
403 418
403 465
404 404
404 419
404 466
405 405
405 420
405 467
406 406
406 421
406 468
407 407
407 422
407 469
408 408
408 423
408 470
409 409
409 424
409 471
410 410
410 425
410 472
411 411
411 426
411 473
412 412
412 427
412 474
413 413
413 428
413 475
414 414
414 429
414 476
415 415
415 430
415 477
416 416
416 431
416 478
417 417
417 432
418 418
418 432
419 419
419 432
420 420
420 432
421 421
421 432
422 422
422 432
423 423
423 432
424 424
424 432
425 425
425 432
426 426
426 432
427 427
427 432
428 428
428 432
429 429
429 432
430 430
430 432
431 431
431 432
432 432
432 433
433 433
433 434
433 435
433 436
433 437
433 438
433 439
433 440
433 441
433 442
433 443
433 444
433 445
433 446
433 447
433 448
433 464
433 465
433 466
433 467
433 468
433 469
433 470
433 471
433 472
433 473
433 474
433 475
433 476
433 477
433 478
434 434
434 449
435 435
435 450
436 436
436 451
437 437
437 452
438 438
438 453
439 439
439 454
440 440
440 455
441 441
441 456
442 442
442 457
443 443
443 458
444 444
444 459
445 445
445 460
446 446
446 461
447 447
447 462
448 448
448 463
449 449
449 631
450 450
450 632
451 451
451 633
452 452
452 634
453 453
453 635
454 454
454 636
455 455
455 637
456 456
456 638
457 457
457 639
458 458
458 640
459 459
459 641
460 460
460 642
461 461
461 643
462 462
462 644
463 463
463 645
464 464
464 479
465 465
465 480
466 466
466 481
467 467
467 482
468 468
468 483
469 469
469 484
470 470
470 485
471 471
471 486
472 472
472 487
473 473
473 488
474 474
474 489
475 475
475 490
476 476
476 491
477 477
477 492
478 478
478 493
479 479
479 494
479 526
479 661
480 480
480 495
480 527
480 662
481 481
481 496
481 528
481 663
482 482
482 497
482 529
482 664
483 483
483 498
483 530
483 665
484 484
484 499
484 531
484 666
485 485
485 500
485 532
485 667
486 486
486 501
486 533
486 668
487 487
487 502
487 534
487 669
488 488
488 503
488 535
488 670
489 489
489 504
489 536
489 671
490 490
490 505
490 537
490 672
491 491
491 506
491 538
491 673
492 492
492 507
492 539
492 674
493 493
493 508
493 540
493 675
494 494
494 509
495 495
495 509
496 496
496 509
497 497
497 509
498 498
498 509
499 499
499 509
500 500
500 509
501 501
501 509
502 502
502 509
503 503
503 509
504 504
504 509
505 505
505 509
506 506
506 509
507 507
507 509
508 508
508 509
509 509
509 510
509 615
509 692
510 510
510 511
510 512
510 513
510 514
510 515
510 516
510 517
510 518
510 519
510 520
510 521
510 522
510 523
510 524
510 525
511 511
511 526
512 512
512 527
513 513
513 528
514 514
514 529
515 515
515 530
516 516
516 531
517 517
517 532
518 518
518 533
519 519
519 534
520 520
520 535
521 521
521 536
522 522
522 537
523 523
523 538
524 524
524 539
525 525
525 540
526 526
526 559
526 599
526 616
526 693
527 527
527 560
527 562
527 600
527 617
527 694
528 528
528 567
528 573
528 601
528 618
528 695
529 529
529 542
529 548
529 563
529 568
529 602
529 619
529 696
530 530
530 574
530 603
530 620
530 697
531 531
531 541
531 543
531 564
531 569
531 579
531 604
531 621
531 698
532 532
532 549
532 555
532 570
532 575
532 605
532 622
532 699
533 533
533 544
533 550
533 565
533 576
533 606
533 623
533 700
534 534
534 583
534 607
534 624
534 701
535 535
535 545
535 557
535 566
535 608
535 625
535 702
536 536
536 577
536 609
536 626
536 703
537 537
537 546
537 551
537 554
537 578
537 581
537 610
537 627
537 704
538 538
538 547
538 552
538 571
538 611
538 628
538 705
539 539
539 558
539 572
539 612
539 629
539 706
540 540
540 553
540 556
540 561
540 580
540 582
540 613
540 630
540 707
541 541
541 584
542 542
542 585
543 543
543 585
544 544
544 585
545 545
545 585
546 546
546 585
547 547
547 585
548 548
548 587
549 549
549 587
550 550
550 587
551 551
551 587
552 552
552 587
553 553
553 587
554 554
554 588
555 555
555 589
556 556
556 590
557 557
557 591
558 558
558 591
559 559
559 592
560 560
560 592
561 561
561 592
562 562
562 593
563 563
563 593
564 564
564 593
565 565
565 593
566 566
566 593
567 567
567 594
568 568
568 594
569 569
569 594
570 570
570 594
571 571
571 594
572 572
572 594
573 573
573 595
574 574
574 595
575 575
575 595
576 576
576 595
577 577
577 595
578 578
578 595
579 579
579 596
580 580
580 596
581 581
581 597
582 582
582 597
583 583
583 598
584 584
584 599
584 646
585 585
585 600
585 647
586 586
586 601
586 648
587 587
587 602
587 649
588 588
588 603
588 650
589 589
589 604
589 651
590 590
590 605
590 652
591 591
591 606
591 653
592 592
592 607
592 654
593 593
593 608
593 655
594 594
594 609
594 656
595 595
595 610
595 657
596 596
596 611
596 658
597 597
597 612
597 659
598 598
598 613
598 660
599 599
599 614
600 600
600 614
601 601
601 614
602 602
602 614
603 603
603 614
604 604
604 614
605 605
605 614
606 606
606 614
607 607
607 614
608 608
608 614
609 609
609 614
610 610
610 614
611 611
611 614
612 612
612 614
613 613
613 614
614 614
614 615
615 615
615 616
615 617
615 618
615 619
615 620
615 621
615 622
615 623
615 624
615 625
615 626
615 627
615 628
615 629
615 630
615 646
615 647
615 648
615 649
615 650
615 651
615 652
615 653
615 654
615 655
615 656
615 657
615 658
615 659
615 660
616 616
616 631
617 617
617 632
618 618
618 633
619 619
619 634
620 620
620 635
621 621
621 636
622 622
622 637
623 623
623 638
624 624
624 639
625 625
625 640
626 626
626 641
627 627
627 642
628 628
628 643
629 629
629 644
630 630
630 645
631 631
631 813
632 632
632 814
633 633
633 815
634 634
634 816
635 635
635 817
636 636
636 818
637 637
637 819
638 638
638 820
639 639
639 821
640 640
640 822
641 641
641 823
642 642
642 824
643 643
643 825
644 644
644 826
645 645
645 827
646 646
646 661
647 647
647 662
648 648
648 663
649 649
649 664
650 650
650 665
651 651
651 666
652 652
652 667
653 653
653 668
654 654
654 669
655 655
655 670
656 656
656 671
657 657
657 672
658 658
658 673
659 659
659 674
660 660
660 675
661 661
661 676
661 708
661 843
662 662
662 677
662 709
662 844
663 663
663 678
663 710
663 845
664 664
664 679
664 711
664 846
665 665
665 680
665 712
665 847
666 666
666 681
666 713
666 848
667 667
667 682
667 714
667 849
668 668
668 683
668 715
668 850
669 669
669 684
669 716
669 851
670 670
670 685
670 717
670 852
671 671
671 686
671 718
671 853
672 672
672 687
672 719
672 854
673 673
673 688
673 720
673 855
674 674
674 689
674 721
674 856
675 675
675 690
675 722
675 857
676 676
676 691
677 677
677 691
678 678
678 691
679 679
679 691
680 680
680 691
681 681
681 691
682 682
682 691
683 683
683 691
684 684
684 691
685 685
685 691
686 686
686 691
687 687
687 691
688 688
688 691
689 689
689 691
690 690
690 691
691 691
691 692
691 797
691 874
692 692
692 693
692 694
692 695
692 696
692 697
692 698
692 699
692 700
692 701
692 702
692 703
692 704
692 705
692 706
692 707
693 693
693 708
694 694
694 709
695 695
695 710
696 696
696 711
697 697
697 712
698 698
698 713
699 699
699 714
700 700
700 715
701 701
701 716
702 702
702 717
703 703
703 718
704 704
704 719
705 705
705 720
706 706
706 721
707 707
707 722
708 708
708 741
708 781
708 798
708 875
709 709
709 742
709 744
709 782
709 799
709 876
710 710
710 749
710 755
710 783
710 800
710 877
711 711
711 724
711 730
711 745
711 750
711 784
711 801
711 878
712 712
712 756
712 785
712 802
712 879
713 713
713 723
713 725
713 746
713 751
713 761
713 786
713 803
713 880
714 714
714 731
714 737
714 752
714 757
714 787
714 804
714 881
715 715
715 726
715 732
715 747
715 758
715 788
715 805
715 882
716 716
716 765
716 789
716 806
716 883
717 717
717 727
717 739
717 748
717 790
717 807
717 884
718 718
718 759
718 791
718 808
718 885
719 719
719 728
719 733
719 736
719 760
719 763
719 792
719 809
719 886
720 720
720 729
720 734
720 753
720 793
720 810
720 887
721 721
721 740
721 754
721 794
721 811
721 888
722 722
722 735
722 738
722 743
722 762
722 764
722 795
722 812
722 889
723 723
723 766
724 724
724 767
725 725
725 767
726 726
726 767
727 727
727 767
728 728
728 767
729 729
729 767
730 730
730 769
731 731
731 769
732 732
732 769
733 733
733 769
734 734
734 769
735 735
735 769
736 736
736 770
737 737
737 771
738 738
738 772
739 739
739 773
740 740
740 773
741 741
741 774
742 742
742 774
743 743
743 774
744 744
744 775
745 745
745 775
746 746
746 775
747 747
747 775
748 748
748 775
749 749
749 776
750 750
750 776
751 751
751 776
752 752
752 776
753 753
753 776
754 754
754 776
755 755
755 777
756 756
756 777
757 757
757 777
758 758
758 777
759 759
759 777
760 760
760 777
761 761
761 778
762 762
762 778
763 763
763 779
764 764
764 779
765 765
765 780
766 766
766 781
766 828
767 767
767 782
767 829
768 768
768 783
768 830
769 769
769 784
769 831
770 770
770 785
770 832
771 771
771 786
771 833
772 772
772 787
772 834
773 773
773 788
773 835
774 774
774 789
774 836
775 775
775 790
775 837
776 776
776 791
776 838
777 777
777 792
777 839
778 778
778 793
778 840
779 779
779 794
779 841
780 780
780 795
780 842
781 781
781 796
782 782
782 796
783 783
783 796
784 784
784 796
785 785
785 796
786 786
786 796
787 787
787 796
788 788
788 796
789 789
789 796
790 790
790 796
791 791
791 796
792 792
792 796
793 793
793 796
794 794
794 796
795 795
795 796
796 796
796 797
797 797
797 798
797 799
797 800
797 801
797 802
797 803
797 804
797 805
797 806
797 807
797 808
797 809
797 810
797 811
797 812
797 828
797 829
797 830
797 831
797 832
797 833
797 834
797 835
797 836
797 837
797 838
797 839
797 840
797 841
797 842
798 798
798 813
799 799
799 814
800 800
800 815
801 801
801 816
802 802
802 817
803 803
803 818
804 804
804 819
805 805
805 820
806 806
806 821
807 807
807 822
808 808
808 823
809 809
809 824
810 810
810 825
811 811
811 826
812 812
812 827
813 813
813 995
814 814
814 996
815 815
815 997
816 816
816 998
817 817
817 999
818 818
818 1000
819 819
819 1001
820 820
820 1002
821 821
821 1003
822 822
822 1004
823 823
823 1005
824 824
824 1006
825 825
825 1007
826 826
826 1008
827 827
827 1009
828 828
828 843
829 829
829 844
830 830
830 845
831 831
831 846
832 832
832 847
833 833
833 848
834 834
834 849
835 835
835 850
836 836
836 851
837 837
837 852
838 838
838 853
839 839
839 854
840 840
840 855
841 841
841 856
842 842
842 857
843 843
843 858
843 890
843 1025
844 844
844 859
844 891
844 1026
845 845
845 860
845 892
845 1027
846 846
846 861
846 893
846 1028
847 847
847 862
847 894
847 1029
848 848
848 863
848 895
848 1030
849 849
849 864
849 896
849 1031
850 850
850 865
850 897
850 1032
851 851
851 866
851 898
851 1033
852 852
852 867
852 899
852 1034
853 853
853 868
853 900
853 1035
854 854
854 869
854 901
854 1036
855 855
855 870
855 902
855 1037
856 856
856 871
856 903
856 1038
857 857
857 872
857 904
857 1039
858 858
858 873
859 859
859 873
860 860
860 873
861 861
861 873
862 862
862 873
863 863
863 873
864 864
864 873
865 865
865 873
866 866
866 873
867 867
867 873
868 868
868 873
869 869
869 873
870 870
870 873
871 871
871 873
872 872
872 873
873 873
873 874
873 979
873 1056
874 874
874 875
874 876
874 877
874 878
874 879
874 880
874 881
874 882
874 883
874 884
874 885
874 886
874 887
874 888
874 889
875 875
875 890
876 876
876 891
877 877
877 892
878 878
878 893
879 879
879 894
880 880
880 895
881 881
881 896
882 882
882 897
883 883
883 898
884 884
884 899
885 885
885 900
886 886
886 901
887 887
887 902
888 888
888 903
889 889
889 904
890 890
890 923
890 963
890 980
890 1057
891 891
891 924
891 926
891 964
891 981
891 1058
892 892
892 931
892 937
892 965
892 982
892 1059
893 893
893 906
893 912
893 927
893 932
893 966
893 983
893 1060
894 894
894 938
894 967
894 984
894 1061
895 895
895 905
895 907
895 928
895 933
895 943
895 968
895 985
895 1062
896 896
896 913
896 919
896 934
896 939
896 969
896 986
896 1063
897 897
897 908
897 914
897 929
897 940
897 970
897 987
897 1064
898 898
898 947
898 971
898 988
898 1065
899 899
899 909
899 921
899 930
899 972
899 989
899 1066
900 900
900 941
900 973
900 990
900 1067
901 901
901 910
901 915
901 918
901 942
901 945
901 974
901 991
901 1068
902 902
902 911
902 916
902 935
902 975
902 992
902 1069
903 903
903 922
903 936
903 976
903 993
903 1070
904 904
904 917
904 920
904 925
904 944
904 946
904 977
904 994
904 1071
905 905
905 948
906 906
906 949
907 907
907 949
908 908
908 949
909 909
909 949
910 910
910 949
911 911
911 949
912 912
912 951
913 913
913 951
914 914
914 951
915 915
915 951
916 916
916 951
917 917
917 951
918 918
918 952
919 919
919 953
920 920
920 954
921 921
921 955
922 922
922 955
923 923
923 956
924 924
924 956
925 925
925 956
926 926
926 957
927 927
927 957
928 928
928 957
929 929
929 957
930 930
930 957
931 931
931 958
932 932
932 958
933 933
933 958
934 934
934 958
935 935
935 958
936 936
936 958
937 937
937 959
938 938
938 959
939 939
939 959
940 940
940 959
941 941
941 959
942 942
942 959
943 943
943 960
944 944
944 960
945 945
945 961
946 946
946 961
947 947
947 962
948 948
948 963
948 1010
949 949
949 964
949 1011
950 950
950 965
950 1012
951 951
951 966
951 1013
952 952
952 967
952 1014
953 953
953 968
953 1015
954 954
954 969
954 1016
955 955
955 970
955 1017
956 956
956 971
956 1018
957 957
957 972
957 1019
958 958
958 973
958 1020
959 959
959 974
959 1021
960 960
960 975
960 1022
961 961
961 976
961 1023
962 962
962 977
962 1024
963 963
963 978
964 964
964 978
965 965
965 978
966 966
966 978
967 967
967 978
968 968
968 978
969 969
969 978
970 970
970 978
971 971
971 978
972 972
972 978
973 973
973 978
974 974
974 978
975 975
975 978
976 976
976 978
977 977
977 978
978 978
978 979
979 979
979 980
979 981
979 982
979 983
979 984
979 985
979 986
979 987
979 988
979 989
979 990
979 991
979 992
979 993
979 994
979 1010
979 1011
979 1012
979 1013
979 1014
979 1015
979 1016
979 1017
979 1018
979 1019
979 1020
979 1021
979 1022
979 1023
979 1024
980 980
980 995
981 981
981 996
982 982
982 997
983 983
983 998
984 984
984 999
985 985
985 1000
986 986
986 1001
987 987
987 1002
988 988
988 1003
989 989
989 1004
990 990
990 1005
991 991
991 1006
992 992
992 1007
993 993
993 1008
994 994
994 1009
995 995
995 1177
996 996
996 1178
997 997
997 1179
998 998
998 1180
999 999
999 1181
1000 1000
1000 1182
1001 1001
1001 1183
1002 1002
1002 1184
1003 1003
1003 1185
1004 1004
1004 1186
1005 1005
1005 1187
1006 1006
1006 1188
1007 1007
1007 1189
1008 1008
1008 1190
1009 1009
1009 1191
1010 1010
1010 1025
1011 1011
1011 1026
1012 1012
1012 1027
1013 1013
1013 1028
1014 1014
1014 1029
1015 1015
1015 1030
1016 1016
1016 1031
1017 1017
1017 1032
1018 1018
1018 1033
1019 1019
1019 1034
1020 1020
1020 1035
1021 1021
1021 1036
1022 1022
1022 1037
1023 1023
1023 1038
1024 1024
1024 1039
1025 1025
1025 1040
1025 1072
1025 1207
1026 1026
1026 1041
1026 1073
1026 1208
1027 1027
1027 1042
1027 1074
1027 1209
1028 1028
1028 1043
1028 1075
1028 1210
1029 1029
1029 1044
1029 1076
1029 1211
1030 1030
1030 1045
1030 1077
1030 1212
1031 1031
1031 1046
1031 1078
1031 1213
1032 1032
1032 1047
1032 1079
1032 1214
1033 1033
1033 1048
1033 1080
1033 1215
1034 1034
1034 1049
1034 1081
1034 1216
1035 1035
1035 1050
1035 1082
1035 1217
1036 1036
1036 1051
1036 1083
1036 1218
1037 1037
1037 1052
1037 1084
1037 1219
1038 1038
1038 1053
1038 1085
1038 1220
1039 1039
1039 1054
1039 1086
1039 1221
1040 1040
1040 1055
1041 1041
1041 1055
1042 1042
1042 1055
1043 1043
1043 1055
1044 1044
1044 1055
1045 1045
1045 1055
1046 1046
1046 1055
1047 1047
1047 1055
1048 1048
1048 1055
1049 1049
1049 1055
1050 1050
1050 1055
1051 1051
1051 1055
1052 1052
1052 1055
1053 1053
1053 1055
1054 1054
1054 1055
1055 1055
1055 1056
1055 1161
1055 1238
1056 1056
1056 1057
1056 1058
1056 1059
1056 1060
1056 1061
1056 1062
1056 1063
1056 1064
1056 1065
1056 1066
1056 1067
1056 1068
1056 1069
1056 1070
1056 1071
1057 1057
1057 1072
1058 1058
1058 1073
1059 1059
1059 1074
1060 1060
1060 1075
1061 1061
1061 1076
1062 1062
1062 1077
1063 1063
1063 1078
1064 1064
1064 1079
1065 1065
1065 1080
1066 1066
1066 1081
1067 1067
1067 1082
1068 1068
1068 1083
1069 1069
1069 1084
1070 1070
1070 1085
1071 1071
1071 1086
1072 1072
1072 1105
1072 1145
1072 1162
1072 1239
1073 1073
1073 1106
1073 1108
1073 1146
1073 1163
1073 1240
1074 1074
1074 1113
1074 1119
1074 1147
1074 1164
1074 1241
1075 1075
1075 1088
1075 1094
1075 1109
1075 1114
1075 1148
1075 1165
1075 1242
1076 1076
1076 1120
1076 1149
1076 1166
1076 1243
1077 1077
1077 1087
1077 1089
1077 1110
1077 1115
1077 1125
1077 1150
1077 1167
1077 1244
1078 1078
1078 1095
1078 1101
1078 1116
1078 1121
1078 1151
1078 1168
1078 1245
1079 1079
1079 1090
1079 1096
1079 1111
1079 1122
1079 1152
1079 1169
1079 1246
1080 1080
1080 1129
1080 1153
1080 1170
1080 1247
1081 1081
1081 1091
1081 1103
1081 1112
1081 1154
1081 1171
1081 1248
1082 1082
1082 1123
1082 1155
1082 1172
1082 1249
1083 1083
1083 1092
1083 1097
1083 1100
1083 1124
1083 1127
1083 1156
1083 1173
1083 1250
1084 1084
1084 1093
1084 1098
1084 1117
1084 1157
1084 1174
1084 1251
1085 1085
1085 1104
1085 1118
1085 1158
1085 1175
1085 1252
1086 1086
1086 1099
1086 1102
1086 1107
1086 1126
1086 1128
1086 1159
1086 1176
1086 1253
1087 1087
1087 1130
1088 1088
1088 1131
1089 1089
1089 1131
1090 1090
1090 1131
1091 1091
1091 1131
1092 1092
1092 1131
1093 1093
1093 1131
1094 1094
1094 1133
1095 1095
1095 1133
1096 1096
1096 1133
1097 1097
1097 1133
1098 1098
1098 1133
1099 1099
1099 1133
1100 1100
1100 1134
1101 1101
1101 1135
1102 1102
1102 1136
1103 1103
1103 1137
1104 1104
1104 1137
1105 1105
1105 1138
1106 1106
1106 1138
1107 1107
1107 1138
1108 1108
1108 1139
1109 1109
1109 1139
1110 1110
1110 1139
1111 1111
1111 1139
1112 1112
1112 1139
1113 1113
1113 1140
1114 1114
1114 1140
1115 1115
1115 1140
1116 1116
1116 1140
1117 1117
1117 1140
1118 1118
1118 1140
1119 1119
1119 1141
1120 1120
1120 1141
1121 1121
1121 1141
1122 1122
1122 1141
1123 1123
1123 1141
1124 1124
1124 1141
1125 1125
1125 1142
1126 1126
1126 1142
1127 1127
1127 1143
1128 1128
1128 1143
1129 1129
1129 1144
1130 1130
1130 1145
1130 1192
1131 1131
1131 1146
1131 1193
1132 1132
1132 1147
1132 1194
1133 1133
1133 1148
1133 1195
1134 1134
1134 1149
1134 1196
1135 1135
1135 1150
1135 1197
1136 1136
1136 1151
1136 1198
1137 1137
1137 1152
1137 1199
1138 1138
1138 1153
1138 1200
1139 1139
1139 1154
1139 1201
1140 1140
1140 1155
1140 1202
1141 1141
1141 1156
1141 1203
1142 1142
1142 1157
1142 1204
1143 1143
1143 1158
1143 1205
1144 1144
1144 1159
1144 1206
1145 1145
1145 1160
1146 1146
1146 1160
1147 1147
1147 1160
1148 1148
1148 1160
1149 1149
1149 1160
1150 1150
1150 1160
1151 1151
1151 1160
1152 1152
1152 1160
1153 1153
1153 1160
1154 1154
1154 1160
1155 1155
1155 1160
1156 1156
1156 1160
1157 1157
1157 1160
1158 1158
1158 1160
1159 1159
1159 1160
1160 1160
1160 1161
1161 1161
1161 1162
1161 1163
1161 1164
1161 1165
1161 1166
1161 1167
1161 1168
1161 1169
1161 1170
1161 1171
1161 1172
1161 1173
1161 1174
1161 1175
1161 1176
1161 1192
1161 1193
1161 1194
1161 1195
1161 1196
1161 1197
1161 1198
1161 1199
1161 1200
1161 1201
1161 1202
1161 1203
1161 1204
1161 1205
1161 1206
1162 1162
1162 1177
1163 1163
1163 1178
1164 1164
1164 1179
1165 1165
1165 1180
1166 1166
1166 1181
1167 1167
1167 1182
1168 1168
1168 1183
1169 1169
1169 1184
1170 1170
1170 1185
1171 1171
1171 1186
1172 1172
1172 1187
1173 1173
1173 1188
1174 1174
1174 1189
1175 1175
1175 1190
1176 1176
1176 1191
1177 1177
1177 1359
1178 1178
1178 1360
1179 1179
1179 1361
1180 1180
1180 1362
1181 1181
1181 1363
1182 1182
1182 1364
1183 1183
1183 1365
1184 1184
1184 1366
1185 1185
1185 1367
1186 1186
1186 1368
1187 1187
1187 1369
1188 1188
1188 1370
1189 1189
1189 1371
1190 1190
1190 1372
1191 1191
1191 1373
1192 1192
1192 1207
1193 1193
1193 1208
1194 1194
1194 1209
1195 1195
1195 1210
1196 1196
1196 1211
1197 1197
1197 1212
1198 1198
1198 1213
1199 1199
1199 1214
1200 1200
1200 1215
1201 1201
1201 1216
1202 1202
1202 1217
1203 1203
1203 1218
1204 1204
1204 1219
1205 1205
1205 1220
1206 1206
1206 1221
1207 1207
1207 1222
1207 1254
1207 1389
1208 1208
1208 1223
1208 1255
1208 1390
1209 1209
1209 1224
1209 1256
1209 1391
1210 1210
1210 1225
1210 1257
1210 1392
1211 1211
1211 1226
1211 1258
1211 1393
1212 1212
1212 1227
1212 1259
1212 1394
1213 1213
1213 1228
1213 1260
1213 1395
1214 1214
1214 1229
1214 1261
1214 1396
1215 1215
1215 1230
1215 1262
1215 1397
1216 1216
1216 1231
1216 1263
1216 1398
1217 1217
1217 1232
1217 1264
1217 1399
1218 1218
1218 1233
1218 1265
1218 1400
1219 1219
1219 1234
1219 1266
1219 1401
1220 1220
1220 1235
1220 1267
1220 1402
1221 1221
1221 1236
1221 1268
1221 1403
1222 1222
1222 1237
1223 1223
1223 1237
1224 1224
1224 1237
1225 1225
1225 1237
1226 1226
1226 1237
1227 1227
1227 1237
1228 1228
1228 1237
1229 1229
1229 1237
1230 1230
1230 1237
1231 1231
1231 1237
1232 1232
1232 1237
1233 1233
1233 1237
1234 1234
1234 1237
1235 1235
1235 1237
1236 1236
1236 1237
1237 1237
1237 1238
1237 1343
1237 1420
1238 1238
1238 1239
1238 1240
1238 1241
1238 1242
1238 1243
1238 1244
1238 1245
1238 1246
1238 1247
1238 1248
1238 1249
1238 1250
1238 1251
1238 1252
1238 1253
1239 1239
1239 1254
1240 1240
1240 1255
1241 1241
1241 1256
1242 1242
1242 1257
1243 1243
1243 1258
1244 1244
1244 1259
1245 1245
1245 1260
1246 1246
1246 1261
1247 1247
1247 1262
1248 1248
1248 1263
1249 1249
1249 1264
1250 1250
1250 1265
1251 1251
1251 1266
1252 1252
1252 1267
1253 1253
1253 1268
1254 1254
1254 1287
1254 1327
1254 1344
1254 1421
1255 1255
1255 1288
1255 1290
1255 1328
1255 1345
1255 1422
1256 1256
1256 1295
1256 1301
1256 1329
1256 1346
1256 1423
1257 1257
1257 1270
1257 1276
1257 1291
1257 1296
1257 1330
1257 1347
1257 1424
1258 1258
1258 1302
1258 1331
1258 1348
1258 1425
1259 1259
1259 1269
1259 1271
1259 1292
1259 1297
1259 1307
1259 1332
1259 1349
1259 1426
1260 1260
1260 1277
1260 1283
1260 1298
1260 1303
1260 1333
1260 1350
1260 1427
1261 1261
1261 1272
1261 1278
1261 1293
1261 1304
1261 1334
1261 1351
1261 1428
1262 1262
1262 1311
1262 1335
1262 1352
1262 1429
1263 1263
1263 1273
1263 1285
1263 1294
1263 1336
1263 1353
1263 1430
1264 1264
1264 1305
1264 1337
1264 1354
1264 1431
1265 1265
1265 1274
1265 1279
1265 1282
1265 1306
1265 1309
1265 1338
1265 1355
1265 1432
1266 1266
1266 1275
1266 1280
1266 1299
1266 1339
1266 1356
1266 1433
1267 1267
1267 1286
1267 1300
1267 1340
1267 1357
1267 1434
1268 1268
1268 1281
1268 1284
1268 1289
1268 1308
1268 1310
1268 1341
1268 1358
1268 1435
1269 1269
1269 1312
1270 1270
1270 1313
1271 1271
1271 1313
1272 1272
1272 1313
1273 1273
1273 1313
1274 1274
1274 1313
1275 1275
1275 1313
1276 1276
1276 1315
1277 1277
1277 1315
1278 1278
1278 1315
1279 1279
1279 1315
1280 1280
1280 1315
1281 1281
1281 1315
1282 1282
1282 1316
1283 1283
1283 1317
1284 1284
1284 1318
1285 1285
1285 1319
1286 1286
1286 1319
1287 1287
1287 1320
1288 1288
1288 1320
1289 1289
1289 1320
1290 1290
1290 1321
1291 1291
1291 1321
1292 1292
1292 1321
1293 1293
1293 1321
1294 1294
1294 1321
1295 1295
1295 1322
1296 1296
1296 1322
1297 1297
1297 1322
1298 1298
1298 1322
1299 1299
1299 1322
1300 1300
1300 1322
1301 1301
1301 1323
1302 1302
1302 1323
1303 1303
1303 1323
1304 1304
1304 1323
1305 1305
1305 1323
1306 1306
1306 1323
1307 1307
1307 1324
1308 1308
1308 1324
1309 1309
1309 1325
1310 1310
1310 1325
1311 1311
1311 1326
1312 1312
1312 1327
1312 1374
1313 1313
1313 1328
1313 1375
1314 1314
1314 1329
1314 1376
1315 1315
1315 1330
1315 1377
1316 1316
1316 1331
1316 1378
1317 1317
1317 1332
1317 1379
1318 1318
1318 1333
1318 1380
1319 1319
1319 1334
1319 1381
1320 1320
1320 1335
1320 1382
1321 1321
1321 1336
1321 1383
1322 1322
1322 1337
1322 1384
1323 1323
1323 1338
1323 1385
1324 1324
1324 1339
1324 1386
1325 1325
1325 1340
1325 1387
1326 1326
1326 1341
1326 1388
1327 1327
1327 1342
1328 1328
1328 1342
1329 1329
1329 1342
1330 1330
1330 1342
1331 1331
1331 1342
1332 1332
1332 1342
1333 1333
1333 1342
1334 1334
1334 1342
1335 1335
1335 1342
1336 1336
1336 1342
1337 1337
1337 1342
1338 1338
1338 1342
1339 1339
1339 1342
1340 1340
1340 1342
1341 1341
1341 1342
1342 1342
1342 1343
1343 1343
1343 1344
1343 1345
1343 1346
1343 1347
1343 1348
1343 1349
1343 1350
1343 1351
1343 1352
1343 1353
1343 1354
1343 1355
1343 1356
1343 1357
1343 1358
1343 1374
1343 1375
1343 1376
1343 1377
1343 1378
1343 1379
1343 1380
1343 1381
1343 1382
1343 1383
1343 1384
1343 1385
1343 1386
1343 1387
1343 1388
1344 1344
1344 1359
1345 1345
1345 1360
1346 1346
1346 1361
1347 1347
1347 1362
1348 1348
1348 1363
1349 1349
1349 1364
1350 1350
1350 1365
1351 1351
1351 1366
1352 1352
1352 1367
1353 1353
1353 1368
1354 1354
1354 1369
1355 1355
1355 1370
1356 1356
1356 1371
1357 1357
1357 1372
1358 1358
1358 1373
1359 1359
1359 1541
1360 1360
1360 1542
1361 1361
1361 1543
1362 1362
1362 1544
1363 1363
1363 1545
1364 1364
1364 1546
1365 1365
1365 1547
1366 1366
1366 1548
1367 1367
1367 1549
1368 1368
1368 1550
1369 1369
1369 1551
1370 1370
1370 1552
1371 1371
1371 1553
1372 1372
1372 1554
1373 1373
1373 1555
1374 1374
1374 1389
1375 1375
1375 1390
1376 1376
1376 1391
1377 1377
1377 1392
1378 1378
1378 1393
1379 1379
1379 1394
1380 1380
1380 1395
1381 1381
1381 1396
1382 1382
1382 1397
1383 1383
1383 1398
1384 1384
1384 1399
1385 1385
1385 1400
1386 1386
1386 1401
1387 1387
1387 1402
1388 1388
1388 1403
1389 1389
1389 1404
1389 1436
1389 1571
1390 1390
1390 1405
1390 1437
1390 1572
1391 1391
1391 1406
1391 1438
1391 1573
1392 1392
1392 1407
1392 1439
1392 1574
1393 1393
1393 1408
1393 1440
1393 1575
1394 1394
1394 1409
1394 1441
1394 1576
1395 1395
1395 1410
1395 1442
1395 1577
1396 1396
1396 1411
1396 1443
1396 1578
1397 1397
1397 1412
1397 1444
1397 1579
1398 1398
1398 1413
1398 1445
1398 1580
1399 1399
1399 1414
1399 1446
1399 1581
1400 1400
1400 1415
1400 1447
1400 1582
1401 1401
1401 1416
1401 1448
1401 1583
1402 1402
1402 1417
1402 1449
1402 1584
1403 1403
1403 1418
1403 1450
1403 1585
1404 1404
1404 1419
1405 1405
1405 1419
1406 1406
1406 1419
1407 1407
1407 1419
1408 1408
1408 1419
1409 1409
1409 1419
1410 1410
1410 1419
1411 1411
1411 1419
1412 1412
1412 1419
1413 1413
1413 1419
1414 1414
1414 1419
1415 1415
1415 1419
1416 1416
1416 1419
1417 1417
1417 1419
1418 1418
1418 1419
1419 1419
1419 1420
1419 1525
1419 1602
1420 1420
1420 1421
1420 1422
1420 1423
1420 1424
1420 1425
1420 1426
1420 1427
1420 1428
1420 1429
1420 1430
1420 1431
1420 1432
1420 1433
1420 1434
1420 1435
1421 1421
1421 1436
1422 1422
1422 1437
1423 1423
1423 1438
1424 1424
1424 1439
1425 1425
1425 1440
1426 1426
1426 1441
1427 1427
1427 1442
1428 1428
1428 1443
1429 1429
1429 1444
1430 1430
1430 1445
1431 1431
1431 1446
1432 1432
1432 1447
1433 1433
1433 1448
1434 1434
1434 1449
1435 1435
1435 1450
1436 1436
1436 1469
1436 1509
1436 1526
1436 1603
1437 1437
1437 1470
1437 1472
1437 1510
1437 1527
1437 1604
1438 1438
1438 1477
1438 1483
1438 1511
1438 1528
1438 1605
1439 1439
1439 1452
1439 1458
1439 1473
1439 1478
1439 1512
1439 1529
1439 1606
1440 1440
1440 1484
1440 1513
1440 1530
1440 1607
1441 1441
1441 1451
1441 1453
1441 1474
1441 1479
1441 1489
1441 1514
1441 1531
1441 1608
1442 1442
1442 1459
1442 1465
1442 1480
1442 1485
1442 1515
1442 1532
1442 1609
1443 1443
1443 1454
1443 1460
1443 1475
1443 1486
1443 1516
1443 1533
1443 1610
1444 1444
1444 1493
1444 1517
1444 1534
1444 1611
1445 1445
1445 1455
1445 1467
1445 1476
1445 1518
1445 1535
1445 1612
1446 1446
1446 1487
1446 1519
1446 1536
1446 1613
1447 1447
1447 1456
1447 1461
1447 1464
1447 1488
1447 1491
1447 1520
1447 1537
1447 1614
1448 1448
1448 1457
1448 1462
1448 1481
1448 1521
1448 1538
1448 1615
1449 1449
1449 1468
1449 1482
1449 1522
1449 1539
1449 1616
1450 1450
1450 1463
1450 1466
1450 1471
1450 1490
1450 1492
1450 1523
1450 1540
1450 1617
1451 1451
1451 1494
1452 1452
1452 1495
1453 1453
1453 1495
1454 1454
1454 1495
1455 1455
1455 1495
1456 1456
1456 1495
1457 1457
1457 1495
1458 1458
1458 1497
1459 1459
1459 1497
1460 1460
1460 1497
1461 1461
1461 1497
1462 1462
1462 1497
1463 1463
1463 1497
1464 1464
1464 1498
1465 1465
1465 1499
1466 1466
1466 1500
1467 1467
1467 1501
1468 1468
1468 1501
1469 1469
1469 1502
1470 1470
1470 1502
1471 1471
1471 1502
1472 1472
1472 1503
1473 1473
1473 1503
1474 1474
1474 1503
1475 1475
1475 1503
1476 1476
1476 1503
1477 1477
1477 1504
1478 1478
1478 1504
1479 1479
1479 1504
1480 1480
1480 1504
1481 1481
1481 1504
1482 1482
1482 1504
1483 1483
1483 1505
1484 1484
1484 1505
1485 1485
1485 1505
1486 1486
1486 1505
1487 1487
1487 1505
1488 1488
1488 1505
1489 1489
1489 1506
1490 1490
1490 1506
1491 1491
1491 1507
1492 1492
1492 1507
1493 1493
1493 1508
1494 1494
1494 1509
1494 1556
1495 1495
1495 1510
1495 1557
1496 1496
1496 1511
1496 1558
1497 1497
1497 1512
1497 1559
1498 1498
1498 1513
1498 1560
1499 1499
1499 1514
1499 1561
1500 1500
1500 1515
1500 1562
1501 1501
1501 1516
1501 1563
1502 1502
1502 1517
1502 1564
1503 1503
1503 1518
1503 1565
1504 1504
1504 1519
1504 1566
1505 1505
1505 1520
1505 1567
1506 1506
1506 1521
1506 1568
1507 1507
1507 1522
1507 1569
1508 1508
1508 1523
1508 1570
1509 1509
1509 1524
1510 1510
1510 1524
1511 1511
1511 1524
1512 1512
1512 1524
1513 1513
1513 1524
1514 1514
1514 1524
1515 1515
1515 1524
1516 1516
1516 1524
1517 1517
1517 1524
1518 1518
1518 1524
1519 1519
1519 1524
1520 1520
1520 1524
1521 1521
1521 1524
1522 1522
1522 1524
1523 1523
1523 1524
1524 1524
1524 1525
1525 1525
1525 1526
1525 1527
1525 1528
1525 1529
1525 1530
1525 1531
1525 1532
1525 1533
1525 1534
1525 1535
1525 1536
1525 1537
1525 1538
1525 1539
1525 1540
1525 1556
1525 1557
1525 1558
1525 1559
1525 1560
1525 1561
1525 1562
1525 1563
1525 1564
1525 1565
1525 1566
1525 1567
1525 1568
1525 1569
1525 1570
1526 1526
1526 1541
1527 1527
1527 1542
1528 1528
1528 1543
1529 1529
1529 1544
1530 1530
1530 1545
1531 1531
1531 1546
1532 1532
1532 1547
1533 1533
1533 1548
1534 1534
1534 1549
1535 1535
1535 1550
1536 1536
1536 1551
1537 1537
1537 1552
1538 1538
1538 1553
1539 1539
1539 1554
1540 1540
1540 1555
1541 1541
1541 1723
1542 1542
1542 1724
1543 1543
1543 1725
1544 1544
1544 1726
1545 1545
1545 1727
1546 1546
1546 1728
1547 1547
1547 1729
1548 1548
1548 1730
1549 1549
1549 1731
1550 1550
1550 1732
1551 1551
1551 1733
1552 1552
1552 1734
1553 1553
1553 1735
1554 1554
1554 1736
1555 1555
1555 1737
1556 1556
1556 1571
1557 1557
1557 1572
1558 1558
1558 1573
1559 1559
1559 1574
1560 1560
1560 1575
1561 1561
1561 1576
1562 1562
1562 1577
1563 1563
1563 1578
1564 1564
1564 1579
1565 1565
1565 1580
1566 1566
1566 1581
1567 1567
1567 1582
1568 1568
1568 1583
1569 1569
1569 1584
1570 1570
1570 1585
1571 1571
1571 1586
1571 1618
1571 1753
1572 1572
1572 1587
1572 1619
1572 1754
1573 1573
1573 1588
1573 1620
1573 1755
1574 1574
1574 1589
1574 1621
1574 1756
1575 1575
1575 1590
1575 1622
1575 1757
1576 1576
1576 1591
1576 1623
1576 1758
1577 1577
1577 1592
1577 1624
1577 1759
1578 1578
1578 1593
1578 1625
1578 1760
1579 1579
1579 1594
1579 1626
1579 1761
1580 1580
1580 1595
1580 1627
1580 1762
1581 1581
1581 1596
1581 1628
1581 1763
1582 1582
1582 1597
1582 1629
1582 1764
1583 1583
1583 1598
1583 1630
1583 1765
1584 1584
1584 1599
1584 1631
1584 1766
1585 1585
1585 1600
1585 1632
1585 1767
1586 1586
1586 1601
1587 1587
1587 1601
1588 1588
1588 1601
1589 1589
1589 1601
1590 1590
1590 1601
1591 1591
1591 1601
1592 1592
1592 1601
1593 1593
1593 1601
1594 1594
1594 1601
1595 1595
1595 1601
1596 1596
1596 1601
1597 1597
1597 1601
1598 1598
1598 1601
1599 1599
1599 1601
1600 1600
1600 1601
1601 1601
1601 1602
1601 1707
1601 1784
1602 1602
1602 1603
1602 1604
1602 1605
1602 1606
1602 1607
1602 1608
1602 1609
1602 1610
1602 1611
1602 1612
1602 1613
1602 1614
1602 1615
1602 1616
1602 1617
1603 1603
1603 1618
1604 1604
1604 1619
1605 1605
1605 1620
1606 1606
1606 1621
1607 1607
1607 1622
1608 1608
1608 1623
1609 1609
1609 1624
1610 1610
1610 1625
1611 1611
1611 1626
1612 1612
1612 1627
1613 1613
1613 1628
1614 1614
1614 1629
1615 1615
1615 1630
1616 1616
1616 1631
1617 1617
1617 1632
1618 1618
1618 1651
1618 1691
1618 1708
1618 1785
1619 1619
1619 1652
1619 1654
1619 1692
1619 1709
1619 1786
1620 1620
1620 1659
1620 1665
1620 1693
1620 1710
1620 1787
1621 1621
1621 1634
1621 1640
1621 1655
1621 1660
1621 1694
1621 1711
1621 1788
1622 1622
1622 1666
1622 1695
1622 1712
1622 1789
1623 1623
1623 1633
1623 1635
1623 1656
1623 1661
1623 1671
1623 1696
1623 1713
1623 1790
1624 1624
1624 1641
1624 1647
1624 1662
1624 1667
1624 1697
1624 1714
1624 1791
1625 1625
1625 1636
1625 1642
1625 1657
1625 1668
1625 1698
1625 1715
1625 1792
1626 1626
1626 1675
1626 1699
1626 1716
1626 1793
1627 1627
1627 1637
1627 1649
1627 1658
1627 1700
1627 1717
1627 1794
1628 1628
1628 1669
1628 1701
1628 1718
1628 1795
1629 1629
1629 1638
1629 1643
1629 1646
1629 1670
1629 1673
1629 1702
1629 1719
1629 1796
1630 1630
1630 1639
1630 1644
1630 1663
1630 1703
1630 1720
1630 1797
1631 1631
1631 1650
1631 1664
1631 1704
1631 1721
1631 1798
1632 1632
1632 1645
1632 1648
1632 1653
1632 1672
1632 1674
1632 1705
1632 1722
1632 1799
1633 1633
1633 1676
1634 1634
1634 1677
1635 1635
1635 1677
1636 1636
1636 1677
1637 1637
1637 1677
1638 1638
1638 1677
1639 1639
1639 1677
1640 1640
1640 1679
1641 1641
1641 1679
1642 1642
1642 1679
1643 1643
1643 1679
1644 1644
1644 1679
1645 1645
1645 1679
1646 1646
1646 1680
1647 1647
1647 1681
1648 1648
1648 1682
1649 1649
1649 1683
1650 1650
1650 1683
1651 1651
1651 1684
1652 1652
1652 1684
1653 1653
1653 1684
1654 1654
1654 1685
1655 1655
1655 1685
1656 1656
1656 1685
1657 1657
1657 1685
1658 1658
1658 1685
1659 1659
1659 1686
1660 1660
1660 1686
1661 1661
1661 1686
1662 1662
1662 1686
1663 1663
1663 1686
1664 1664
1664 1686
1665 1665
1665 1687
1666 1666
1666 1687
1667 1667
1667 1687
1668 1668
1668 1687
1669 1669
1669 1687
1670 1670
1670 1687
1671 1671
1671 1688
1672 1672
1672 1688
1673 1673
1673 1689
1674 1674
1674 1689
1675 1675
1675 1690
1676 1676
1676 1691
1676 1738
1677 1677
1677 1692
1677 1739
1678 1678
1678 1693
1678 1740
1679 1679
1679 1694
1679 1741
1680 1680
1680 1695
1680 1742
1681 1681
1681 1696
1681 1743
1682 1682
1682 1697
1682 1744
1683 1683
1683 1698
1683 1745
1684 1684
1684 1699
1684 1746
1685 1685
1685 1700
1685 1747
1686 1686
1686 1701
1686 1748
1687 1687
1687 1702
1687 1749
1688 1688
1688 1703
1688 1750
1689 1689
1689 1704
1689 1751
1690 1690
1690 1705
1690 1752
1691 1691
1691 1706
1692 1692
1692 1706
1693 1693
1693 1706
1694 1694
1694 1706
1695 1695
1695 1706
1696 1696
1696 1706
1697 1697
1697 1706
1698 1698
1698 1706
1699 1699
1699 1706
1700 1700
1700 1706
1701 1701
1701 1706
1702 1702
1702 1706
1703 1703
1703 1706
1704 1704
1704 1706
1705 1705
1705 1706
1706 1706
1706 1707
1707 1707
1707 1708
1707 1709
1707 1710
1707 1711
1707 1712
1707 1713
1707 1714
1707 1715
1707 1716
1707 1717
1707 1718
1707 1719
1707 1720
1707 1721
1707 1722
1707 1738
1707 1739
1707 1740
1707 1741
1707 1742
1707 1743
1707 1744
1707 1745
1707 1746
1707 1747
1707 1748
1707 1749
1707 1750
1707 1751
1707 1752
1708 1708
1708 1723
1709 1709
1709 1724
1710 1710
1710 1725
1711 1711
1711 1726
1712 1712
1712 1727
1713 1713
1713 1728
1714 1714
1714 1729
1715 1715
1715 1730
1716 1716
1716 1731
1717 1717
1717 1732
1718 1718
1718 1733
1719 1719
1719 1734
1720 1720
1720 1735
1721 1721
1721 1736
1722 1722
1722 1737
1723 1723
1723 1905
1724 1724
1724 1906
1725 1725
1725 1907
1726 1726
1726 1908
1727 1727
1727 1909
1728 1728
1728 1910
1729 1729
1729 1911
1730 1730
1730 1912
1731 1731
1731 1913
1732 1732
1732 1914
1733 1733
1733 1915
1734 1734
1734 1916
1735 1735
1735 1917
1736 1736
1736 1918
1737 1737
1737 1919
1738 1738
1738 1753
1739 1739
1739 1754
1740 1740
1740 1755
1741 1741
1741 1756
1742 1742
1742 1757
1743 1743
1743 1758
1744 1744
1744 1759
1745 1745
1745 1760
1746 1746
1746 1761
1747 1747
1747 1762
1748 1748
1748 1763
1749 1749
1749 1764
1750 1750
1750 1765
1751 1751
1751 1766
1752 1752
1752 1767
1753 1753
1753 1768
1753 1800
1753 1935
1754 1754
1754 1769
1754 1801
1754 1936
1755 1755
1755 1770
1755 1802
1755 1937
1756 1756
1756 1771
1756 1803
1756 1938
1757 1757
1757 1772
1757 1804
1757 1939
1758 1758
1758 1773
1758 1805
1758 1940
1759 1759
1759 1774
1759 1806
1759 1941
1760 1760
1760 1775
1760 1807
1760 1942
1761 1761
1761 1776
1761 1808
1761 1943
1762 1762
1762 1777
1762 1809
1762 1944
1763 1763
1763 1778
1763 1810
1763 1945
1764 1764
1764 1779
1764 1811
1764 1946
1765 1765
1765 1780
1765 1812
1765 1947
1766 1766
1766 1781
1766 1813
1766 1948
1767 1767
1767 1782
1767 1814
1767 1949
1768 1768
1768 1783
1769 1769
1769 1783
1770 1770
1770 1783
1771 1771
1771 1783
1772 1772
1772 1783
1773 1773
1773 1783
1774 1774
1774 1783
1775 1775
1775 1783
1776 1776
1776 1783
1777 1777
1777 1783
1778 1778
1778 1783
1779 1779
1779 1783
1780 1780
1780 1783
1781 1781
1781 1783
1782 1782
1782 1783
1783 1783
1783 1784
1783 1889
1784 1784
1784 1785
1784 1786
1784 1787
1784 1788
1784 1789
1784 1790
1784 1791
1784 1792
1784 1793
1784 1794
1784 1795
1784 1796
1784 1797
1784 1798
1784 1799
1785 1785
1785 1800
1786 1786
1786 1801
1787 1787
1787 1802
1788 1788
1788 1803
1789 1789
1789 1804
1790 1790
1790 1805
1791 1791
1791 1806
1792 1792
1792 1807
1793 1793
1793 1808
1794 1794
1794 1809
1795 1795
1795 1810
1796 1796
1796 1811
1797 1797
1797 1812
1798 1798
1798 1813
1799 1799
1799 1814
1800 1800
1800 1833
1800 1873
1800 1890
1801 1801
1801 1834
1801 1836
1801 1874
1801 1891
1802 1802
1802 1841
1802 1847
1802 1875
1802 1892
1803 1803
1803 1816
1803 1822
1803 1837
1803 1842
1803 1876
1803 1893
1804 1804
1804 1848
1804 1877
1804 1894
1805 1805
1805 1815
1805 1817
1805 1838
1805 1843
1805 1853
1805 1878
1805 1895
1806 1806
1806 1823
1806 1829
1806 1844
1806 1849
1806 1879
1806 1896
1807 1807
1807 1818
1807 1824
1807 1839
1807 1850
1807 1880
1807 1897
1808 1808
1808 1857
1808 1881
1808 1898
1809 1809
1809 1819
1809 1831
1809 1840
1809 1882
1809 1899
1810 1810
1810 1851
1810 1883
1810 1900
1811 1811
1811 1820
1811 1825
1811 1828
1811 1852
1811 1855
1811 1884
1811 1901
1812 1812
1812 1821
1812 1826
1812 1845
1812 1885
1812 1902
1813 1813
1813 1832
1813 1846
1813 1886
1813 1903
1814 1814
1814 1827
1814 1830
1814 1835
1814 1854
1814 1856
1814 1887
1814 1904
1815 1815
1815 1858
1816 1816
1816 1859
1817 1817
1817 1859
1818 1818
1818 1859
1819 1819
1819 1859
1820 1820
1820 1859
1821 1821
1821 1859
1822 1822
1822 1861
1823 1823
1823 1861
1824 1824
1824 1861
1825 1825
1825 1861
1826 1826
1826 1861
1827 1827
1827 1861
1828 1828
1828 1862
1829 1829
1829 1863
1830 1830
1830 1864
1831 1831
1831 1865
1832 1832
1832 1865
1833 1833
1833 1866
1834 1834
1834 1866
1835 1835
1835 1866
1836 1836
1836 1867
1837 1837
1837 1867
1838 1838
1838 1867
1839 1839
1839 1867
1840 1840
1840 1867
1841 1841
1841 1868
1842 1842
1842 1868
1843 1843
1843 1868
1844 1844
1844 1868
1845 1845
1845 1868
1846 1846
1846 1868
1847 1847
1847 1869
1848 1848
1848 1869
1849 1849
1849 1869
1850 1850
1850 1869
1851 1851
1851 1869
1852 1852
1852 1869
1853 1853
1853 1870
1854 1854
1854 1870
1855 1855
1855 1871
1856 1856
1856 1871
1857 1857
1857 1872
1858 1858
1858 1873
1858 1920
1859 1859
1859 1874
1859 1921
1860 1860
1860 1875
1860 1922
1861 1861
1861 1876
1861 1923
1862 1862
1862 1877
1862 1924
1863 1863
1863 1878
1863 1925
1864 1864
1864 1879
1864 1926
1865 1865
1865 1880
1865 1927
1866 1866
1866 1881
1866 1928
1867 1867
1867 1882
1867 1929
1868 1868
1868 1883
1868 1930
1869 1869
1869 1884
1869 1931
1870 1870
1870 1885
1870 1932
1871 1871
1871 1886
1871 1933
1872 1872
1872 1887
1872 1934
1873 1873
1873 1888
1874 1874
1874 1888
1875 1875
1875 1888
1876 1876
1876 1888
1877 1877
1877 1888
1878 1878
1878 1888
1879 1879
1879 1888
1880 1880
1880 1888
1881 1881
1881 1888
1882 1882
1882 1888
1883 1883
1883 1888
1884 1884
1884 1888
1885 1885
1885 1888
1886 1886
1886 1888
1887 1887
1887 1888
1888 1888
1888 1889
1889 1889
1889 1890
1889 1891
1889 1892
1889 1893
1889 1894
1889 1895
1889 1896
1889 1897
1889 1898
1889 1899
1889 1900
1889 1901
1889 1902
1889 1903
1889 1904
1889 1920
1889 1921
1889 1922
1889 1923
1889 1924
1889 1925
1889 1926
1889 1927
1889 1928
1889 1929
1889 1930
1889 1931
1889 1932
1889 1933
1889 1934
1890 1890
1890 1905
1891 1891
1891 1906
1892 1892
1892 1907
1893 1893
1893 1908
1894 1894
1894 1909
1895 1895
1895 1910
1896 1896
1896 1911
1897 1897
1897 1912
1898 1898
1898 1913
1899 1899
1899 1914
1900 1900
1900 1915
1901 1901
1901 1916
1902 1902
1902 1917
1903 1903
1903 1918
1904 1904
1904 1919
1905 1920
1905 1935
1906 1921
1906 1936
1907 1922
1907 1937
1908 1923
1908 1938
1909 1924
1909 1939
1910 1925
1910 1940
1911 1926
1911 1941
1912 1927
1912 1942
1913 1928
1913 1943
1914 1929
1914 1944
1915 1930
1915 1945
1916 1931
1916 1946
1917 1932
1917 1947
1918 1933
1918 1948
1919 1934
1919 1949
