%HyperDAG model of naive implementation of 7 iterations of the conjugate gradient method.
%The probability for having a nonzero in any cell of matrix A is 0.25
838 858 2500
0 1
1 1
2 1
3 1
4 1
5 1
6 1
7 1
8 1
9 1
10 1
11 1
12 1
13 1
14 1
15 1
16 1
17 1
18 1
19 1
20 1
21 1
22 1
23 1
24 1
25 1
26 1
27 1
28 1
29 1
30 1
31 1
32 1
33 1
34 1
35 1
36 1
37 1
38 1
39 1
40 1
41 1
42 1
43 1
44 1
45 1
46 1
47 1
48 1
49 1
50 1
51 1
52 1
53 1
54 1
55 1
56 1
57 1
58 1
59 1
60 1
61 1
62 1
63 1
64 1
65 1
66 1
67 1
68 1
69 1
70 1
71 1
72 1
73 1
74 1
75 1
76 1
77 1
78 1
79 1
80 1
81 1
82 1
83 1
84 1
85 1
86 1
87 1
88 1
89 1
90 1
91 1
92 1
93 1
94 1
95 1
96 1
97 1
98 1
99 1
100 1
101 1
102 1
103 1
104 1
105 1
106 1
107 1
108 1
109 1
110 1
111 1
112 1
113 1
114 1
115 1
116 1
117 1
118 1
119 1
120 1
121 1
122 1
123 1
124 1
125 1
126 1
127 1
128 1
129 1
130 1
131 1
132 1
133 1
134 1
135 1
136 1
137 1
138 1
139 1
140 1
141 1
142 1
143 1
144 1
145 1
146 1
147 1
148 1
149 1
150 1
151 1
152 1
153 1
154 1
155 1
156 1
157 1
158 1
159 1
160 1
161 1
162 1
163 1
164 1
165 1
166 1
167 1
168 1
169 1
170 1
171 1
172 1
173 1
174 1
175 1
176 1
177 1
178 1
179 1
180 1
181 1
182 1
183 1
184 1
185 1
186 1
187 1
188 1
189 1
190 1
191 1
192 1
193 1
194 1
195 1
196 1
197 1
198 1
199 1
200 1
201 1
202 1
203 1
204 1
205 1
206 1
207 1
208 1
209 1
210 1
211 1
212 1
213 1
214 1
215 1
216 1
217 1
218 1
219 1
220 1
221 1
222 1
223 1
224 1
225 1
226 1
227 1
228 1
229 1
230 1
231 1
232 1
233 1
234 1
235 1
236 1
237 1
238 1
239 1
240 1
241 1
242 1
243 1
244 1
245 1
246 1
247 1
248 1
249 1
250 1
251 1
252 1
253 1
254 1
255 1
256 1
257 1
258 1
259 1
260 1
261 1
262 1
263 1
264 1
265 1
266 1
267 1
268 1
269 1
270 1
271 1
272 1
273 1
274 1
275 1
276 1
277 1
278 1
279 1
280 1
281 1
282 1
283 1
284 1
285 1
286 1
287 1
288 1
289 1
290 1
291 1
292 1
293 1
294 1
295 1
296 1
297 1
298 1
299 1
300 1
301 1
302 1
303 1
304 1
305 1
306 1
307 1
308 1
309 1
310 1
311 1
312 1
313 1
314 1
315 1
316 1
317 1
318 1
319 1
320 1
321 1
322 1
323 1
324 1
325 1
326 1
327 1
328 1
329 1
330 1
331 1
332 1
333 1
334 1
335 1
336 1
337 1
338 1
339 1
340 1
341 1
342 1
343 1
344 1
345 1
346 1
347 1
348 1
349 1
350 1
351 1
352 1
353 1
354 1
355 1
356 1
357 1
358 1
359 1
360 1
361 1
362 1
363 1
364 1
365 1
366 1
367 1
368 1
369 1
370 1
371 1
372 1
373 1
374 1
375 1
376 1
377 1
378 1
379 1
380 1
381 1
382 1
383 1
384 1
385 1
386 1
387 1
388 1
389 1
390 1
391 1
392 1
393 1
394 1
395 1
396 1
397 1
398 1
399 1
400 1
401 1
402 1
403 1
404 1
405 1
406 1
407 1
408 1
409 1
410 1
411 1
412 1
413 1
414 1
415 1
416 1
417 1
418 1
419 1
420 1
421 1
422 1
423 1
424 1
425 1
426 1
427 1
428 1
429 1
430 1
431 1
432 1
433 1
434 1
435 1
436 1
437 1
438 1
439 1
440 1
441 1
442 1
443 1
444 1
445 1
446 1
447 1
448 1
449 1
450 1
451 1
452 1
453 1
454 1
455 1
456 1
457 1
458 1
459 1
460 1
461 1
462 1
463 1
464 1
465 1
466 1
467 1
468 1
469 1
470 1
471 1
472 1
473 1
474 1
475 1
476 1
477 1
478 1
479 1
480 1
481 1
482 1
483 1
484 1
485 1
486 1
487 1
488 1
489 1
490 1
491 1
492 1
493 1
494 1
495 1
496 1
497 1
498 1
499 1
500 1
501 1
502 1
503 1
504 1
505 1
506 1
507 1
508 1
509 1
510 1
511 1
512 1
513 1
514 1
515 1
516 1
517 1
518 1
519 1
520 1
521 1
522 1
523 1
524 1
525 1
526 1
527 1
528 1
529 1
530 1
531 1
532 1
533 1
534 1
535 1
536 1
537 1
538 1
539 1
540 1
541 1
542 1
543 1
544 1
545 1
546 1
547 1
548 1
549 1
550 1
551 1
552 1
553 1
554 1
555 1
556 1
557 1
558 1
559 1
560 1
561 1
562 1
563 1
564 1
565 1
566 1
567 1
568 1
569 1
570 1
571 1
572 1
573 1
574 1
575 1
576 1
577 1
578 1
579 1
580 1
581 1
582 1
583 1
584 1
585 1
586 1
587 1
588 1
589 1
590 1
591 1
592 1
593 1
594 1
595 1
596 1
597 1
598 1
599 1
600 1
601 1
602 1
603 1
604 1
605 1
606 1
607 1
608 1
609 1
610 1
611 1
612 1
613 1
614 1
615 1
616 1
617 1
618 1
619 1
620 1
621 1
622 1
623 1
624 1
625 1
626 1
627 1
628 1
629 1
630 1
631 1
632 1
633 1
634 1
635 1
636 1
637 1
638 1
639 1
640 1
641 1
642 1
643 1
644 1
645 1
646 1
647 1
648 1
649 1
650 1
651 1
652 1
653 1
654 1
655 1
656 1
657 1
658 1
659 1
660 1
661 1
662 1
663 1
664 1
665 1
666 1
667 1
668 1
669 1
670 1
671 1
672 1
673 1
674 1
675 1
676 1
677 1
678 1
679 1
680 1
681 1
682 1
683 1
684 1
685 1
686 1
687 1
688 1
689 1
690 1
691 1
692 1
693 1
694 1
695 1
696 1
697 1
698 1
699 1
700 1
701 1
702 1
703 1
704 1
705 1
706 1
707 1
708 1
709 1
710 1
711 1
712 1
713 1
714 1
715 1
716 1
717 1
718 1
719 1
720 1
721 1
722 1
723 1
724 1
725 1
726 1
727 1
728 1
729 1
730 1
731 1
732 1
733 1
734 1
735 1
736 1
737 1
738 1
739 1
740 1
741 1
742 1
743 1
744 1
745 1
746 1
747 1
748 1
749 1
750 1
751 1
752 1
753 1
754 1
755 1
756 1
757 1
758 1
759 1
760 1
761 1
762 1
763 1
764 1
765 1
766 1
767 1
768 1
769 1
770 1
771 1
772 1
773 1
774 1
775 1
776 1
777 1
778 1
779 1
780 1
781 1
782 1
783 1
784 1
785 1
786 1
787 1
788 1
789 1
790 1
791 1
792 1
793 1
794 1
795 1
796 1
797 1
798 1
799 1
800 1
801 1
802 1
803 1
804 1
805 1
806 1
807 1
808 1
809 1
810 1
811 1
812 1
813 1
814 1
815 1
816 1
817 1
818 1
819 1
820 1
821 1
822 1
823 1
824 1
825 1
826 1
827 1
828 1
829 1
830 1
831 1
832 1
833 1
834 1
835 1
836 1
837 1
0 0
1 0
2 0
3 0
4 0
5 0
6 0
7 0
8 0
9 0
10 0
11 0
12 0
13 0
14 0
15 0
16 0
17 0
18 0
19 0
20 0
21 0
22 0
23 0
24 0
25 0
26 0
27 0
28 0
29 1
30 1
31 1
32 1
33 1
34 1
35 1
36 1
37 1
38 1
39 1
40 1
41 1
42 1
43 1
44 1
45 1
46 1
47 1
48 0
49 0
50 6
51 0
52 0
53 4
54 0
55 0
56 1
57 0
58 0
59 0
60 0
61 0
62 0
63 0
64 0
65 0
66 0
67 0
68 1
69 1
70 1
71 1
72 1
73 1
74 1
75 1
76 1
77 1
78 0
79 0
80 0
81 0
82 0
83 0
84 0
85 0
86 0
87 0
88 0
89 0
90 0
91 0
92 0
93 0
94 0
95 0
96 0
97 0
98 9
99 1
100 1
101 1
102 1
103 1
104 1
105 1
106 1
107 1
108 1
109 1
110 1
111 1
112 1
113 1
114 1
115 1
116 1
117 1
118 0
119 0
120 6
121 0
122 0
123 4
124 0
125 0
126 1
127 0
128 1
129 1
130 1
131 1
132 1
133 1
134 1
135 1
136 1
137 1
138 9
139 1
140 1
141 1
142 1
143 1
144 1
145 1
146 1
147 1
148 1
149 1
150 1
151 1
152 1
153 1
154 1
155 1
156 1
157 1
158 1
159 1
160 1
161 1
162 1
163 1
164 1
165 1
166 1
167 1
168 1
169 1
170 1
171 1
172 1
173 1
174 1
175 1
176 1
177 1
178 1
179 1
180 0
181 0
182 0
183 0
184 0
185 0
186 0
187 0
188 0
189 0
190 9
191 1
192 1
193 1
194 1
195 1
196 1
197 1
198 1
199 1
200 1
201 1
202 1
203 1
204 1
205 1
206 1
207 1
208 1
209 1
210 1
211 1
212 1
213 1
214 1
215 1
216 1
217 1
218 1
219 1
220 1
221 1
222 1
223 1
224 1
225 1
226 1
227 1
228 1
229 1
230 1
231 0
232 0
233 6
234 0
235 0
236 4
237 0
238 0
239 1
240 0
241 1
242 1
243 1
244 1
245 1
246 1
247 1
248 1
249 1
250 1
251 9
252 1
253 1
254 1
255 1
256 1
257 1
258 1
259 1
260 1
261 1
262 1
263 1
264 1
265 1
266 1
267 1
268 1
269 1
270 1
271 1
272 1
273 1
274 1
275 1
276 1
277 1
278 1
279 1
280 1
281 1
282 1
283 1
284 1
285 1
286 1
287 1
288 1
289 1
290 1
291 1
292 1
293 0
294 0
295 0
296 0
297 0
298 0
299 0
300 0
301 0
302 0
303 9
304 1
305 1
306 1
307 1
308 1
309 1
310 1
311 1
312 1
313 1
314 1
315 1
316 1
317 1
318 1
319 1
320 1
321 1
322 1
323 1
324 1
325 1
326 1
327 1
328 1
329 1
330 1
331 1
332 1
333 1
334 1
335 1
336 1
337 1
338 1
339 1
340 1
341 1
342 1
343 1
344 0
345 0
346 6
347 0
348 0
349 4
350 0
351 0
352 1
353 0
354 1
355 1
356 1
357 1
358 1
359 1
360 1
361 1
362 1
363 1
364 9
365 1
366 1
367 1
368 1
369 1
370 1
371 1
372 1
373 1
374 1
375 1
376 1
377 1
378 1
379 1
380 1
381 1
382 1
383 1
384 1
385 1
386 1
387 1
388 1
389 1
390 1
391 1
392 1
393 1
394 1
395 1
396 1
397 1
398 1
399 1
400 1
401 1
402 1
403 1
404 1
405 1
406 0
407 0
408 0
409 0
410 0
411 0
412 0
413 0
414 0
415 0
416 9
417 1
418 1
419 1
420 1
421 1
422 1
423 1
424 1
425 1
426 1
427 1
428 1
429 1
430 1
431 1
432 1
433 1
434 1
435 1
436 1
437 1
438 1
439 1
440 1
441 1
442 1
443 1
444 1
445 1
446 1
447 1
448 1
449 1
450 1
451 1
452 1
453 1
454 1
455 1
456 1
457 0
458 0
459 6
460 0
461 0
462 4
463 0
464 0
465 1
466 0
467 1
468 1
469 1
470 1
471 1
472 1
473 1
474 1
475 1
476 1
477 9
478 1
479 1
480 1
481 1
482 1
483 1
484 1
485 1
486 1
487 1
488 1
489 1
490 1
491 1
492 1
493 1
494 1
495 1
496 1
497 1
498 1
499 1
500 1
501 1
502 1
503 1
504 1
505 1
506 1
507 1
508 1
509 1
510 1
511 1
512 1
513 1
514 1
515 1
516 1
517 1
518 1
519 0
520 0
521 0
522 0
523 0
524 0
525 0
526 0
527 0
528 0
529 9
530 1
531 1
532 1
533 1
534 1
535 1
536 1
537 1
538 1
539 1
540 1
541 1
542 1
543 1
544 1
545 1
546 1
547 1
548 1
549 1
550 1
551 1
552 1
553 1
554 1
555 1
556 1
557 1
558 1
559 1
560 1
561 1
562 1
563 1
564 1
565 1
566 1
567 1
568 1
569 1
570 0
571 0
572 6
573 0
574 0
575 4
576 0
577 0
578 1
579 0
580 1
581 1
582 1
583 1
584 1
585 1
586 1
587 1
588 1
589 1
590 9
591 1
592 1
593 1
594 1
595 1
596 1
597 1
598 1
599 1
600 1
601 1
602 1
603 1
604 1
605 1
606 1
607 1
608 1
609 1
610 1
611 1
612 1
613 1
614 1
615 1
616 1
617 1
618 1
619 1
620 1
621 1
622 1
623 1
624 1
625 1
626 1
627 1
628 1
629 1
630 1
631 1
632 0
633 0
634 0
635 0
636 0
637 0
638 0
639 0
640 0
641 0
642 9
643 1
644 1
645 1
646 1
647 1
648 1
649 1
650 1
651 1
652 1
653 1
654 1
655 1
656 1
657 1
658 1
659 1
660 1
661 1
662 1
663 1
664 1
665 1
666 1
667 1
668 1
669 1
670 1
671 1
672 1
673 1
674 1
675 1
676 1
677 1
678 1
679 1
680 1
681 1
682 1
683 0
684 0
685 6
686 0
687 0
688 4
689 0
690 0
691 1
692 0
693 1
694 1
695 1
696 1
697 1
698 1
699 1
700 1
701 1
702 1
703 9
704 1
705 1
706 1
707 1
708 1
709 1
710 1
711 1
712 1
713 1
714 1
715 1
716 1
717 1
718 1
719 1
720 1
721 1
722 1
723 1
724 1
725 1
726 1
727 1
728 1
729 1
730 1
731 1
732 1
733 1
734 1
735 1
736 1
737 1
738 1
739 1
740 1
741 1
742 1
743 1
744 1
745 0
746 0
747 0
748 0
749 0
750 0
751 0
752 0
753 0
754 0
755 9
756 1
757 1
758 1
759 1
760 1
761 1
762 1
763 1
764 1
765 1
766 1
767 1
768 1
769 1
770 1
771 1
772 1
773 1
774 1
775 1
776 1
777 1
778 1
779 1
780 1
781 1
782 1
783 1
784 1
785 1
786 1
787 1
788 1
789 1
790 1
791 1
792 1
793 1
794 1
795 1
796 0
797 0
798 6
799 0
800 0
801 4
802 0
803 0
804 1
805 0
806 1
807 1
808 1
809 1
810 1
811 1
812 1
813 1
814 1
815 1
816 9
817 1
818 1
819 1
820 1
821 1
822 1
823 1
824 1
825 1
826 1
827 1
828 1
829 1
830 1
831 1
832 1
833 1
834 1
835 1
836 1
837 1
838 1
839 1
840 1
841 1
842 1
843 1
844 1
845 1
846 1
847 1
848 1
849 1
850 1
851 1
852 1
853 1
854 1
855 1
856 1
857 1
0 0
0 29
0 99
0 212
0 325
0 438
0 551
0 664
0 777
1 1
1 30
1 100
1 213
1 326
1 439
1 552
1 665
1 778
2 2
2 31
2 101
2 214
2 327
2 440
2 553
2 666
2 779
3 3
3 32
3 102
3 215
3 328
3 441
3 554
3 667
3 780
4 4
4 33
4 103
4 216
4 329
4 442
4 555
4 668
4 781
5 5
5 34
5 104
5 217
5 330
5 443
5 556
5 669
5 782
6 6
6 35
6 105
6 218
6 331
6 444
6 557
6 670
6 783
7 7
7 36
7 106
7 219
7 332
7 445
7 558
7 671
7 784
8 8
8 37
8 107
8 220
8 333
8 446
8 559
8 672
8 785
9 9
9 38
9 108
9 221
9 334
9 447
9 560
9 673
9 786
10 10
10 39
10 109
10 222
10 335
10 448
10 561
10 674
10 787
11 11
11 40
11 110
11 223
11 336
11 449
11 562
11 675
11 788
12 12
12 41
12 111
12 224
12 337
12 450
12 563
12 676
12 789
13 13
13 42
13 112
13 225
13 338
13 451
13 564
13 677
13 790
14 14
14 43
14 113
14 226
14 339
14 452
14 565
14 678
14 791
15 15
15 44
15 114
15 227
15 340
15 453
15 566
15 679
15 792
16 16
16 45
16 115
16 228
16 341
16 454
16 567
16 680
16 793
17 17
17 46
17 116
17 229
17 342
17 455
17 568
17 681
17 794
18 18
18 47
18 117
18 230
18 343
18 456
18 569
18 682
18 795
19 19
19 31
19 44
19 150
20 20
20 32
20 39
20 45
20 46
20 151
21 21
21 33
21 40
21 152
22 22
22 153
23 23
23 34
23 154
24 24
24 29
24 155
25 25
25 35
25 41
25 47
25 156
26 26
26 36
26 42
26 157
27 27
27 30
27 38
27 158
28 28
28 37
28 43
28 159
29 29
29 48
30 30
30 49
31 31
31 50
32 32
32 50
33 33
33 50
34 34
34 50
35 35
35 50
36 36
36 50
37 37
37 50
38 38
38 52
39 39
39 53
40 40
40 53
41 41
41 53
42 42
42 53
43 43
43 53
44 44
44 54
45 45
45 55
46 46
46 56
47 47
47 56
48 48
48 68
49 49
49 69
50 50
50 70
51 51
51 71
52 52
52 72
53 53
53 73
54 54
54 74
55 55
55 75
56 56
56 76
57 57
57 77
58 58
58 68
59 59
59 69
60 60
60 70
61 61
61 71
62 62
62 72
63 63
63 73
64 64
64 74
65 65
65 75
66 66
66 76
67 67
67 77
68 68
68 78
68 88
68 170
69 69
69 79
69 89
69 171
70 70
70 80
70 90
70 172
71 71
71 81
71 91
71 173
72 72
72 82
72 92
72 174
73 73
73 83
73 93
73 175
74 74
74 84
74 94
74 176
75 75
75 85
75 95
75 177
76 76
76 86
76 96
76 178
77 77
77 87
77 97
77 179
78 78
78 101
78 114
78 128
78 140
78 192
79 79
79 102
79 109
79 115
79 116
79 129
79 141
79 193
80 80
80 103
80 110
80 130
80 142
80 194
81 81
81 131
81 143
81 195
82 82
82 104
82 132
82 144
82 196
83 83
83 99
83 133
83 145
83 197
84 84
84 105
84 111
84 117
84 134
84 146
84 198
85 85
85 106
85 112
85 135
85 147
85 199
86 86
86 100
86 108
86 136
86 148
86 200
87 87
87 107
87 113
87 137
87 149
87 201
88 88
88 98
89 89
89 98
90 90
90 98
91 91
91 98
92 92
92 98
93 93
93 98
94 94
94 98
95 95
95 98
96 96
96 98
97 97
97 98
98 98
98 139
98 191
99 99
99 118
100 100
100 119
101 101
101 120
102 102
102 120
103 103
103 120
104 104
104 120
105 105
105 120
106 106
106 120
107 107
107 120
108 108
108 122
109 109
109 123
110 110
110 123
111 111
111 123
112 112
112 123
113 113
113 123
114 114
114 124
115 115
115 125
116 116
116 126
117 117
117 126
118 118
118 128
118 160
119 119
119 129
119 161
120 120
120 130
120 162
121 121
121 131
121 163
122 122
122 132
122 164
123 123
123 133
123 165
124 124
124 134
124 166
125 125
125 135
125 167
126 126
126 136
126 168
127 127
127 137
127 169
128 128
128 138
129 129
129 138
130 130
130 138
131 131
131 138
132 132
132 138
133 133
133 138
134 134
134 138
135 135
135 138
136 136
136 138
137 137
137 138
138 138
138 139
139 139
139 140
139 141
139 142
139 143
139 144
139 145
139 146
139 147
139 148
139 149
139 160
139 161
139 162
139 163
139 164
139 165
139 166
139 167
139 168
139 169
140 140
140 150
141 141
141 151
142 142
142 152
143 143
143 153
144 144
144 154
145 145
145 155
146 146
146 156
147 147
147 157
148 148
148 158
149 149
149 159
150 150
150 263
151 151
151 264
152 152
152 265
153 153
153 266
154 154
154 267
155 155
155 268
156 156
156 269
157 157
157 270
158 158
158 271
159 159
159 272
160 160
160 170
161 161
161 171
162 162
162 172
163 163
163 173
164 164
164 174
165 165
165 175
166 166
166 176
167 167
167 177
168 168
168 178
169 169
169 179
170 170
170 180
170 202
170 283
171 171
171 181
171 203
171 284
172 172
172 182
172 204
172 285
173 173
173 183
173 205
173 286
174 174
174 184
174 206
174 287
175 175
175 185
175 207
175 288
176 176
176 186
176 208
176 289
177 177
177 187
177 209
177 290
178 178
178 188
178 210
178 291
179 179
179 189
179 211
179 292
180 180
180 190
181 181
181 190
182 182
182 190
183 183
183 190
184 184
184 190
185 185
185 190
186 186
186 190
187 187
187 190
188 188
188 190
189 189
189 190
190 190
190 191
190 252
190 304
191 191
191 192
191 193
191 194
191 195
191 196
191 197
191 198
191 199
191 200
191 201
192 192
192 202
193 193
193 203
194 194
194 204
195 195
195 205
196 196
196 206
197 197
197 207
198 198
198 208
199 199
199 209
200 200
200 210
201 201
201 211
202 202
202 214
202 227
202 241
202 253
202 305
203 203
203 215
203 222
203 228
203 229
203 242
203 254
203 306
204 204
204 216
204 223
204 243
204 255
204 307
205 205
205 244
205 256
205 308
206 206
206 217
206 245
206 257
206 309
207 207
207 212
207 246
207 258
207 310
208 208
208 218
208 224
208 230
208 247
208 259
208 311
209 209
209 219
209 225
209 248
209 260
209 312
210 210
210 213
210 221
210 249
210 261
210 313
211 211
211 220
211 226
211 250
211 262
211 314
212 212
212 231
213 213
213 232
214 214
214 233
215 215
215 233
216 216
216 233
217 217
217 233
218 218
218 233
219 219
219 233
220 220
220 233
221 221
221 235
222 222
222 236
223 223
223 236
224 224
224 236
225 225
225 236
226 226
226 236
227 227
227 237
228 228
228 238
229 229
229 239
230 230
230 239
231 231
231 241
231 273
232 232
232 242
232 274
233 233
233 243
233 275
234 234
234 244
234 276
235 235
235 245
235 277
236 236
236 246
236 278
237 237
237 247
237 279
238 238
238 248
238 280
239 239
239 249
239 281
240 240
240 250
240 282
241 241
241 251
242 242
242 251
243 243
243 251
244 244
244 251
245 245
245 251
246 246
246 251
247 247
247 251
248 248
248 251
249 249
249 251
250 250
250 251
251 251
251 252
252 252
252 253
252 254
252 255
252 256
252 257
252 258
252 259
252 260
252 261
252 262
252 273
252 274
252 275
252 276
252 277
252 278
252 279
252 280
252 281
252 282
253 253
253 263
254 254
254 264
255 255
255 265
256 256
256 266
257 257
257 267
258 258
258 268
259 259
259 269
260 260
260 270
261 261
261 271
262 262
262 272
263 263
263 376
264 264
264 377
265 265
265 378
266 266
266 379
267 267
267 380
268 268
268 381
269 269
269 382
270 270
270 383
271 271
271 384
272 272
272 385
273 273
273 283
274 274
274 284
275 275
275 285
276 276
276 286
277 277
277 287
278 278
278 288
279 279
279 289
280 280
280 290
281 281
281 291
282 282
282 292
283 283
283 293
283 315
283 396
284 284
284 294
284 316
284 397
285 285
285 295
285 317
285 398
286 286
286 296
286 318
286 399
287 287
287 297
287 319
287 400
288 288
288 298
288 320
288 401
289 289
289 299
289 321
289 402
290 290
290 300
290 322
290 403
291 291
291 301
291 323
291 404
292 292
292 302
292 324
292 405
293 293
293 303
294 294
294 303
295 295
295 303
296 296
296 303
297 297
297 303
298 298
298 303
299 299
299 303
300 300
300 303
301 301
301 303
302 302
302 303
303 303
303 304
303 365
303 417
304 304
304 305
304 306
304 307
304 308
304 309
304 310
304 311
304 312
304 313
304 314
305 305
305 315
306 306
306 316
307 307
307 317
308 308
308 318
309 309
309 319
310 310
310 320
311 311
311 321
312 312
312 322
313 313
313 323
314 314
314 324
315 315
315 327
315 340
315 354
315 366
315 418
316 316
316 328
316 335
316 341
316 342
316 355
316 367
316 419
317 317
317 329
317 336
317 356
317 368
317 420
318 318
318 357
318 369
318 421
319 319
319 330
319 358
319 370
319 422
320 320
320 325
320 359
320 371
320 423
321 321
321 331
321 337
321 343
321 360
321 372
321 424
322 322
322 332
322 338
322 361
322 373
322 425
323 323
323 326
323 334
323 362
323 374
323 426
324 324
324 333
324 339
324 363
324 375
324 427
325 325
325 344
326 326
326 345
327 327
327 346
328 328
328 346
329 329
329 346
330 330
330 346
331 331
331 346
332 332
332 346
333 333
333 346
334 334
334 348
335 335
335 349
336 336
336 349
337 337
337 349
338 338
338 349
339 339
339 349
340 340
340 350
341 341
341 351
342 342
342 352
343 343
343 352
344 344
344 354
344 386
345 345
345 355
345 387
346 346
346 356
346 388
347 347
347 357
347 389
348 348
348 358
348 390
349 349
349 359
349 391
350 350
350 360
350 392
351 351
351 361
351 393
352 352
352 362
352 394
353 353
353 363
353 395
354 354
354 364
355 355
355 364
356 356
356 364
357 357
357 364
358 358
358 364
359 359
359 364
360 360
360 364
361 361
361 364
362 362
362 364
363 363
363 364
364 364
364 365
365 365
365 366
365 367
365 368
365 369
365 370
365 371
365 372
365 373
365 374
365 375
365 386
365 387
365 388
365 389
365 390
365 391
365 392
365 393
365 394
365 395
366 366
366 376
367 367
367 377
368 368
368 378
369 369
369 379
370 370
370 380
371 371
371 381
372 372
372 382
373 373
373 383
374 374
374 384
375 375
375 385
376 376
376 489
377 377
377 490
378 378
378 491
379 379
379 492
380 380
380 493
381 381
381 494
382 382
382 495
383 383
383 496
384 384
384 497
385 385
385 498
386 386
386 396
387 387
387 397
388 388
388 398
389 389
389 399
390 390
390 400
391 391
391 401
392 392
392 402
393 393
393 403
394 394
394 404
395 395
395 405
396 396
396 406
396 428
396 509
397 397
397 407
397 429
397 510
398 398
398 408
398 430
398 511
399 399
399 409
399 431
399 512
400 400
400 410
400 432
400 513
401 401
401 411
401 433
401 514
402 402
402 412
402 434
402 515
403 403
403 413
403 435
403 516
404 404
404 414
404 436
404 517
405 405
405 415
405 437
405 518
406 406
406 416
407 407
407 416
408 408
408 416
409 409
409 416
410 410
410 416
411 411
411 416
412 412
412 416
413 413
413 416
414 414
414 416
415 415
415 416
416 416
416 417
416 478
416 530
417 417
417 418
417 419
417 420
417 421
417 422
417 423
417 424
417 425
417 426
417 427
418 418
418 428
419 419
419 429
420 420
420 430
421 421
421 431
422 422
422 432
423 423
423 433
424 424
424 434
425 425
425 435
426 426
426 436
427 427
427 437
428 428
428 440
428 453
428 467
428 479
428 531
429 429
429 441
429 448
429 454
429 455
429 468
429 480
429 532
430 430
430 442
430 449
430 469
430 481
430 533
431 431
431 470
431 482
431 534
432 432
432 443
432 471
432 483
432 535
433 433
433 438
433 472
433 484
433 536
434 434
434 444
434 450
434 456
434 473
434 485
434 537
435 435
435 445
435 451
435 474
435 486
435 538
436 436
436 439
436 447
436 475
436 487
436 539
437 437
437 446
437 452
437 476
437 488
437 540
438 438
438 457
439 439
439 458
440 440
440 459
441 441
441 459
442 442
442 459
443 443
443 459
444 444
444 459
445 445
445 459
446 446
446 459
447 447
447 461
448 448
448 462
449 449
449 462
450 450
450 462
451 451
451 462
452 452
452 462
453 453
453 463
454 454
454 464
455 455
455 465
456 456
456 465
457 457
457 467
457 499
458 458
458 468
458 500
459 459
459 469
459 501
460 460
460 470
460 502
461 461
461 471
461 503
462 462
462 472
462 504
463 463
463 473
463 505
464 464
464 474
464 506
465 465
465 475
465 507
466 466
466 476
466 508
467 467
467 477
468 468
468 477
469 469
469 477
470 470
470 477
471 471
471 477
472 472
472 477
473 473
473 477
474 474
474 477
475 475
475 477
476 476
476 477
477 477
477 478
478 478
478 479
478 480
478 481
478 482
478 483
478 484
478 485
478 486
478 487
478 488
478 499
478 500
478 501
478 502
478 503
478 504
478 505
478 506
478 507
478 508
479 479
479 489
480 480
480 490
481 481
481 491
482 482
482 492
483 483
483 493
484 484
484 494
485 485
485 495
486 486
486 496
487 487
487 497
488 488
488 498
489 489
489 602
490 490
490 603
491 491
491 604
492 492
492 605
493 493
493 606
494 494
494 607
495 495
495 608
496 496
496 609
497 497
497 610
498 498
498 611
499 499
499 509
500 500
500 510
501 501
501 511
502 502
502 512
503 503
503 513
504 504
504 514
505 505
505 515
506 506
506 516
507 507
507 517
508 508
508 518
509 509
509 519
509 541
509 622
510 510
510 520
510 542
510 623
511 511
511 521
511 543
511 624
512 512
512 522
512 544
512 625
513 513
513 523
513 545
513 626
514 514
514 524
514 546
514 627
515 515
515 525
515 547
515 628
516 516
516 526
516 548
516 629
517 517
517 527
517 549
517 630
518 518
518 528
518 550
518 631
519 519
519 529
520 520
520 529
521 521
521 529
522 522
522 529
523 523
523 529
524 524
524 529
525 525
525 529
526 526
526 529
527 527
527 529
528 528
528 529
529 529
529 530
529 591
529 643
530 530
530 531
530 532
530 533
530 534
530 535
530 536
530 537
530 538
530 539
530 540
531 531
531 541
532 532
532 542
533 533
533 543
534 534
534 544
535 535
535 545
536 536
536 546
537 537
537 547
538 538
538 548
539 539
539 549
540 540
540 550
541 541
541 553
541 566
541 580
541 592
541 644
542 542
542 554
542 561
542 567
542 568
542 581
542 593
542 645
543 543
543 555
543 562
543 582
543 594
543 646
544 544
544 583
544 595
544 647
545 545
545 556
545 584
545 596
545 648
546 546
546 551
546 585
546 597
546 649
547 547
547 557
547 563
547 569
547 586
547 598
547 650
548 548
548 558
548 564
548 587
548 599
548 651
549 549
549 552
549 560
549 588
549 600
549 652
550 550
550 559
550 565
550 589
550 601
550 653
551 551
551 570
552 552
552 571
553 553
553 572
554 554
554 572
555 555
555 572
556 556
556 572
557 557
557 572
558 558
558 572
559 559
559 572
560 560
560 574
561 561
561 575
562 562
562 575
563 563
563 575
564 564
564 575
565 565
565 575
566 566
566 576
567 567
567 577
568 568
568 578
569 569
569 578
570 570
570 580
570 612
571 571
571 581
571 613
572 572
572 582
572 614
573 573
573 583
573 615
574 574
574 584
574 616
575 575
575 585
575 617
576 576
576 586
576 618
577 577
577 587
577 619
578 578
578 588
578 620
579 579
579 589
579 621
580 580
580 590
581 581
581 590
582 582
582 590
583 583
583 590
584 584
584 590
585 585
585 590
586 586
586 590
587 587
587 590
588 588
588 590
589 589
589 590
590 590
590 591
591 591
591 592
591 593
591 594
591 595
591 596
591 597
591 598
591 599
591 600
591 601
591 612
591 613
591 614
591 615
591 616
591 617
591 618
591 619
591 620
591 621
592 592
592 602
593 593
593 603
594 594
594 604
595 595
595 605
596 596
596 606
597 597
597 607
598 598
598 608
599 599
599 609
600 600
600 610
601 601
601 611
602 602
602 715
603 603
603 716
604 604
604 717
605 605
605 718
606 606
606 719
607 607
607 720
608 608
608 721
609 609
609 722
610 610
610 723
611 611
611 724
612 612
612 622
613 613
613 623
614 614
614 624
615 615
615 625
616 616
616 626
617 617
617 627
618 618
618 628
619 619
619 629
620 620
620 630
621 621
621 631
622 622
622 632
622 654
622 735
623 623
623 633
623 655
623 736
624 624
624 634
624 656
624 737
625 625
625 635
625 657
625 738
626 626
626 636
626 658
626 739
627 627
627 637
627 659
627 740
628 628
628 638
628 660
628 741
629 629
629 639
629 661
629 742
630 630
630 640
630 662
630 743
631 631
631 641
631 663
631 744
632 632
632 642
633 633
633 642
634 634
634 642
635 635
635 642
636 636
636 642
637 637
637 642
638 638
638 642
639 639
639 642
640 640
640 642
641 641
641 642
642 642
642 643
642 704
642 756
643 643
643 644
643 645
643 646
643 647
643 648
643 649
643 650
643 651
643 652
643 653
644 644
644 654
645 645
645 655
646 646
646 656
647 647
647 657
648 648
648 658
649 649
649 659
650 650
650 660
651 651
651 661
652 652
652 662
653 653
653 663
654 654
654 666
654 679
654 693
654 705
654 757
655 655
655 667
655 674
655 680
655 681
655 694
655 706
655 758
656 656
656 668
656 675
656 695
656 707
656 759
657 657
657 696
657 708
657 760
658 658
658 669
658 697
658 709
658 761
659 659
659 664
659 698
659 710
659 762
660 660
660 670
660 676
660 682
660 699
660 711
660 763
661 661
661 671
661 677
661 700
661 712
661 764
662 662
662 665
662 673
662 701
662 713
662 765
663 663
663 672
663 678
663 702
663 714
663 766
664 664
664 683
665 665
665 684
666 666
666 685
667 667
667 685
668 668
668 685
669 669
669 685
670 670
670 685
671 671
671 685
672 672
672 685
673 673
673 687
674 674
674 688
675 675
675 688
676 676
676 688
677 677
677 688
678 678
678 688
679 679
679 689
680 680
680 690
681 681
681 691
682 682
682 691
683 683
683 693
683 725
684 684
684 694
684 726
685 685
685 695
685 727
686 686
686 696
686 728
687 687
687 697
687 729
688 688
688 698
688 730
689 689
689 699
689 731
690 690
690 700
690 732
691 691
691 701
691 733
692 692
692 702
692 734
693 693
693 703
694 694
694 703
695 695
695 703
696 696
696 703
697 697
697 703
698 698
698 703
699 699
699 703
700 700
700 703
701 701
701 703
702 702
702 703
703 703
703 704
704 704
704 705
704 706
704 707
704 708
704 709
704 710
704 711
704 712
704 713
704 714
704 725
704 726
704 727
704 728
704 729
704 730
704 731
704 732
704 733
704 734
705 705
705 715
706 706
706 716
707 707
707 717
708 708
708 718
709 709
709 719
710 710
710 720
711 711
711 721
712 712
712 722
713 713
713 723
714 714
714 724
715 715
715 828
716 716
716 829
717 717
717 830
718 718
718 831
719 719
719 832
720 720
720 833
721 721
721 834
722 722
722 835
723 723
723 836
724 724
724 837
725 725
725 735
726 726
726 736
727 727
727 737
728 728
728 738
729 729
729 739
730 730
730 740
731 731
731 741
732 732
732 742
733 733
733 743
734 734
734 744
735 735
735 745
735 767
735 848
736 736
736 746
736 768
736 849
737 737
737 747
737 769
737 850
738 738
738 748
738 770
738 851
739 739
739 749
739 771
739 852
740 740
740 750
740 772
740 853
741 741
741 751
741 773
741 854
742 742
742 752
742 774
742 855
743 743
743 753
743 775
743 856
744 744
744 754
744 776
744 857
745 745
745 755
746 746
746 755
747 747
747 755
748 748
748 755
749 749
749 755
750 750
750 755
751 751
751 755
752 752
752 755
753 753
753 755
754 754
754 755
755 755
755 756
755 817
756 756
756 757
756 758
756 759
756 760
756 761
756 762
756 763
756 764
756 765
756 766
757 757
757 767
758 758
758 768
759 759
759 769
760 760
760 770
761 761
761 771
762 762
762 772
763 763
763 773
764 764
764 774
765 765
765 775
766 766
766 776
767 767
767 779
767 792
767 806
767 818
768 768
768 780
768 787
768 793
768 794
768 807
768 819
769 769
769 781
769 788
769 808
769 820
770 770
770 809
770 821
771 771
771 782
771 810
771 822
772 772
772 777
772 811
772 823
773 773
773 783
773 789
773 795
773 812
773 824
774 774
774 784
774 790
774 813
774 825
775 775
775 778
775 786
775 814
775 826
776 776
776 785
776 791
776 815
776 827
777 777
777 796
778 778
778 797
779 779
779 798
780 780
780 798
781 781
781 798
782 782
782 798
783 783
783 798
784 784
784 798
785 785
785 798
786 786
786 800
787 787
787 801
788 788
788 801
789 789
789 801
790 790
790 801
791 791
791 801
792 792
792 802
793 793
793 803
794 794
794 804
795 795
795 804
796 796
796 806
796 838
797 797
797 807
797 839
798 798
798 808
798 840
799 799
799 809
799 841
800 800
800 810
800 842
801 801
801 811
801 843
802 802
802 812
802 844
803 803
803 813
803 845
804 804
804 814
804 846
805 805
805 815
805 847
806 806
806 816
807 807
807 816
808 808
808 816
809 809
809 816
810 810
810 816
811 811
811 816
812 812
812 816
813 813
813 816
814 814
814 816
815 815
815 816
816 816
816 817
817 817
817 818
817 819
817 820
817 821
817 822
817 823
817 824
817 825
817 826
817 827
817 838
817 839
817 840
817 841
817 842
817 843
817 844
817 845
817 846
817 847
818 818
818 828
819 819
819 829
820 820
820 830
821 821
821 831
822 822
822 832
823 823
823 833
824 824
824 834
825 825
825 835
826 826
826 836
827 827
827 837
828 838
828 848
829 839
829 849
830 840
830 850
831 841
831 851
832 842
832 852
833 843
833 853
834 844
834 854
835 845
835 855
836 846
836 856
837 847
837 857
