%HyperDAG model of naive implementation of A^15 *v with sparse matrix A and dense vector v.
%The probability for having a nonzero in any cell of matrix A is 0.15
1039 1057 3223
0 1
1 1
2 1
3 1
4 1
5 1
6 1
7 1
8 1
9 1
10 1
11 1
12 1
13 1
14 1
15 1
16 1
17 1
18 1
19 1
20 1
21 1
22 1
23 1
24 1
25 1
26 1
27 1
28 1
29 1
30 1
31 1
32 1
33 1
34 1
35 1
36 1
37 1
38 1
39 1
40 1
41 1
42 1
43 1
44 1
45 1
46 1
47 1
48 1
49 1
50 1
51 1
52 1
53 1
54 1
55 1
56 1
57 1
58 1
59 1
60 1
61 1
62 1
63 1
64 1
65 1
66 1
67 1
68 1
69 1
70 1
71 1
72 1
73 1
74 1
75 1
76 1
77 1
78 1
79 1
80 1
81 1
82 1
83 1
84 1
85 1
86 1
87 1
88 1
89 1
90 1
91 1
92 1
93 1
94 1
95 1
96 1
97 1
98 1
99 1
100 1
101 1
102 1
103 1
104 1
105 1
106 1
107 1
108 1
109 1
110 1
111 1
112 1
113 1
114 1
115 1
116 1
117 1
118 1
119 1
120 1
121 1
122 1
123 1
124 1
125 1
126 1
127 1
128 1
129 1
130 1
131 1
132 1
133 1
134 1
135 1
136 1
137 1
138 1
139 1
140 1
141 1
142 1
143 1
144 1
145 1
146 1
147 1
148 1
149 1
150 1
151 1
152 1
153 1
154 1
155 1
156 1
157 1
158 1
159 1
160 1
161 1
162 1
163 1
164 1
165 1
166 1
167 1
168 1
169 1
170 1
171 1
172 1
173 1
174 1
175 1
176 1
177 1
178 1
179 1
180 1
181 1
182 1
183 1
184 1
185 1
186 1
187 1
188 1
189 1
190 1
191 1
192 1
193 1
194 1
195 1
196 1
197 1
198 1
199 1
200 1
201 1
202 1
203 1
204 1
205 1
206 1
207 1
208 1
209 1
210 1
211 1
212 1
213 1
214 1
215 1
216 1
217 1
218 1
219 1
220 1
221 1
222 1
223 1
224 1
225 1
226 1
227 1
228 1
229 1
230 1
231 1
232 1
233 1
234 1
235 1
236 1
237 1
238 1
239 1
240 1
241 1
242 1
243 1
244 1
245 1
246 1
247 1
248 1
249 1
250 1
251 1
252 1
253 1
254 1
255 1
256 1
257 1
258 1
259 1
260 1
261 1
262 1
263 1
264 1
265 1
266 1
267 1
268 1
269 1
270 1
271 1
272 1
273 1
274 1
275 1
276 1
277 1
278 1
279 1
280 1
281 1
282 1
283 1
284 1
285 1
286 1
287 1
288 1
289 1
290 1
291 1
292 1
293 1
294 1
295 1
296 1
297 1
298 1
299 1
300 1
301 1
302 1
303 1
304 1
305 1
306 1
307 1
308 1
309 1
310 1
311 1
312 1
313 1
314 1
315 1
316 1
317 1
318 1
319 1
320 1
321 1
322 1
323 1
324 1
325 1
326 1
327 1
328 1
329 1
330 1
331 1
332 1
333 1
334 1
335 1
336 1
337 1
338 1
339 1
340 1
341 1
342 1
343 1
344 1
345 1
346 1
347 1
348 1
349 1
350 1
351 1
352 1
353 1
354 1
355 1
356 1
357 1
358 1
359 1
360 1
361 1
362 1
363 1
364 1
365 1
366 1
367 1
368 1
369 1
370 1
371 1
372 1
373 1
374 1
375 1
376 1
377 1
378 1
379 1
380 1
381 1
382 1
383 1
384 1
385 1
386 1
387 1
388 1
389 1
390 1
391 1
392 1
393 1
394 1
395 1
396 1
397 1
398 1
399 1
400 1
401 1
402 1
403 1
404 1
405 1
406 1
407 1
408 1
409 1
410 1
411 1
412 1
413 1
414 1
415 1
416 1
417 1
418 1
419 1
420 1
421 1
422 1
423 1
424 1
425 1
426 1
427 1
428 1
429 1
430 1
431 1
432 1
433 1
434 1
435 1
436 1
437 1
438 1
439 1
440 1
441 1
442 1
443 1
444 1
445 1
446 1
447 1
448 1
449 1
450 1
451 1
452 1
453 1
454 1
455 1
456 1
457 1
458 1
459 1
460 1
461 1
462 1
463 1
464 1
465 1
466 1
467 1
468 1
469 1
470 1
471 1
472 1
473 1
474 1
475 1
476 1
477 1
478 1
479 1
480 1
481 1
482 1
483 1
484 1
485 1
486 1
487 1
488 1
489 1
490 1
491 1
492 1
493 1
494 1
495 1
496 1
497 1
498 1
499 1
500 1
501 1
502 1
503 1
504 1
505 1
506 1
507 1
508 1
509 1
510 1
511 1
512 1
513 1
514 1
515 1
516 1
517 1
518 1
519 1
520 1
521 1
522 1
523 1
524 1
525 1
526 1
527 1
528 1
529 1
530 1
531 1
532 1
533 1
534 1
535 1
536 1
537 1
538 1
539 1
540 1
541 1
542 1
543 1
544 1
545 1
546 1
547 1
548 1
549 1
550 1
551 1
552 1
553 1
554 1
555 1
556 1
557 1
558 1
559 1
560 1
561 1
562 1
563 1
564 1
565 1
566 1
567 1
568 1
569 1
570 1
571 1
572 1
573 1
574 1
575 1
576 1
577 1
578 1
579 1
580 1
581 1
582 1
583 1
584 1
585 1
586 1
587 1
588 1
589 1
590 1
591 1
592 1
593 1
594 1
595 1
596 1
597 1
598 1
599 1
600 1
601 1
602 1
603 1
604 1
605 1
606 1
607 1
608 1
609 1
610 1
611 1
612 1
613 1
614 1
615 1
616 1
617 1
618 1
619 1
620 1
621 1
622 1
623 1
624 1
625 1
626 1
627 1
628 1
629 1
630 1
631 1
632 1
633 1
634 1
635 1
636 1
637 1
638 1
639 1
640 1
641 1
642 1
643 1
644 1
645 1
646 1
647 1
648 1
649 1
650 1
651 1
652 1
653 1
654 1
655 1
656 1
657 1
658 1
659 1
660 1
661 1
662 1
663 1
664 1
665 1
666 1
667 1
668 1
669 1
670 1
671 1
672 1
673 1
674 1
675 1
676 1
677 1
678 1
679 1
680 1
681 1
682 1
683 1
684 1
685 1
686 1
687 1
688 1
689 1
690 1
691 1
692 1
693 1
694 1
695 1
696 1
697 1
698 1
699 1
700 1
701 1
702 1
703 1
704 1
705 1
706 1
707 1
708 1
709 1
710 1
711 1
712 1
713 1
714 1
715 1
716 1
717 1
718 1
719 1
720 1
721 1
722 1
723 1
724 1
725 1
726 1
727 1
728 1
729 1
730 1
731 1
732 1
733 1
734 1
735 1
736 1
737 1
738 1
739 1
740 1
741 1
742 1
743 1
744 1
745 1
746 1
747 1
748 1
749 1
750 1
751 1
752 1
753 1
754 1
755 1
756 1
757 1
758 1
759 1
760 1
761 1
762 1
763 1
764 1
765 1
766 1
767 1
768 1
769 1
770 1
771 1
772 1
773 1
774 1
775 1
776 1
777 1
778 1
779 1
780 1
781 1
782 1
783 1
784 1
785 1
786 1
787 1
788 1
789 1
790 1
791 1
792 1
793 1
794 1
795 1
796 1
797 1
798 1
799 1
800 1
801 1
802 1
803 1
804 1
805 1
806 1
807 1
808 1
809 1
810 1
811 1
812 1
813 1
814 1
815 1
816 1
817 1
818 1
819 1
820 1
821 1
822 1
823 1
824 1
825 1
826 1
827 1
828 1
829 1
830 1
831 1
832 1
833 1
834 1
835 1
836 1
837 1
838 1
839 1
840 1
841 1
842 1
843 1
844 1
845 1
846 1
847 1
848 1
849 1
850 1
851 1
852 1
853 1
854 1
855 1
856 1
857 1
858 1
859 1
860 1
861 1
862 1
863 1
864 1
865 1
866 1
867 1
868 1
869 1
870 1
871 1
872 1
873 1
874 1
875 1
876 1
877 1
878 1
879 1
880 1
881 1
882 1
883 1
884 1
885 1
886 1
887 1
888 1
889 1
890 1
891 1
892 1
893 1
894 1
895 1
896 1
897 1
898 1
899 1
900 1
901 1
902 1
903 1
904 1
905 1
906 1
907 1
908 1
909 1
910 1
911 1
912 1
913 1
914 1
915 1
916 1
917 1
918 1
919 1
920 1
921 1
922 1
923 1
924 1
925 1
926 1
927 1
928 1
929 1
930 1
931 1
932 1
933 1
934 1
935 1
936 1
937 1
938 1
939 1
940 1
941 1
942 1
943 1
944 1
945 1
946 1
947 1
948 1
949 1
950 1
951 1
952 1
953 1
954 1
955 1
956 1
957 1
958 1
959 1
960 1
961 1
962 1
963 1
964 1
965 1
966 1
967 1
968 1
969 1
970 1
971 1
972 1
973 1
974 1
975 1
976 1
977 1
978 1
979 1
980 1
981 1
982 1
983 1
984 1
985 1
986 1
987 1
988 1
989 1
990 1
991 1
992 1
993 1
994 1
995 1
996 1
997 1
998 1
999 1
1000 1
1001 1
1002 1
1003 1
1004 1
1005 1
1006 1
1007 1
1008 1
1009 1
1010 1
1011 1
1012 1
1013 1
1014 1
1015 1
1016 1
1017 1
1018 1
1019 1
1020 1
1021 1
1022 1
1023 1
1024 1
1025 1
1026 1
1027 1
1028 1
1029 1
1030 1
1031 1
1032 1
1033 1
1034 1
1035 1
1036 1
1037 1
1038 1
0 0
1 0
2 0
3 0
4 0
5 0
6 0
7 0
8 0
9 0
10 0
11 0
12 0
13 0
14 0
15 0
16 0
17 0
18 0
19 0
20 0
21 0
22 0
23 0
24 0
25 0
26 0
27 0
28 0
29 0
30 0
31 0
32 0
33 0
34 0
35 0
36 0
37 0
38 0
39 0
40 0
41 0
42 0
43 0
44 0
45 0
46 0
47 0
48 0
49 0
50 0
51 0
52 0
53 0
54 0
55 0
56 0
57 0
58 0
59 0
60 0
61 0
62 0
63 0
64 0
65 0
66 0
67 0
68 0
69 0
70 0
71 0
72 1
73 1
74 1
75 1
76 1
77 1
78 1
79 1
80 1
81 1
82 1
83 1
84 1
85 1
86 1
87 1
88 1
89 1
90 1
91 1
92 1
93 1
94 1
95 1
96 1
97 1
98 1
99 1
100 1
101 1
102 1
103 1
104 1
105 1
106 1
107 1
108 1
109 1
110 1
111 1
112 1
113 1
114 1
115 1
116 1
117 1
118 1
119 1
120 1
121 1
122 1
123 1
124 0
125 3
126 4
127 0
128 2
129 5
130 4
131 1
132 1
133 1
134 0
135 2
136 1
137 0
138 1
139 2
140 2
141 5
142 1
143 1
144 1
145 1
146 1
147 1
148 1
149 1
150 1
151 1
152 1
153 1
154 1
155 1
156 1
157 1
158 1
159 1
160 1
161 1
162 1
163 1
164 1
165 1
166 1
167 1
168 1
169 1
170 1
171 1
172 1
173 1
174 1
175 1
176 1
177 1
178 1
179 1
180 1
181 1
182 1
183 1
184 1
185 1
186 1
187 1
188 1
189 1
190 1
191 1
192 1
193 0
194 3
195 4
196 2
197 5
198 4
199 1
200 1
201 1
202 0
203 2
204 1
205 0
206 1
207 2
208 2
209 5
210 1
211 1
212 1
213 1
214 1
215 1
216 1
217 1
218 1
219 1
220 1
221 1
222 1
223 1
224 1
225 1
226 1
227 1
228 1
229 1
230 1
231 1
232 1
233 1
234 1
235 1
236 1
237 1
238 1
239 1
240 1
241 1
242 1
243 1
244 1
245 1
246 1
247 1
248 1
249 1
250 1
251 1
252 1
253 1
254 1
255 1
256 1
257 1
258 0
259 3
260 4
261 2
262 5
263 4
264 0
265 1
266 1
267 0
268 1
269 1
270 0
271 0
272 2
273 2
274 5
275 1
276 1
277 1
278 1
279 1
280 1
281 1
282 1
283 1
284 1
285 1
286 1
287 1
288 1
289 1
290 1
291 1
292 1
293 1
294 1
295 1
296 1
297 1
298 1
299 1
300 1
301 1
302 1
303 1
304 1
305 1
306 1
307 1
308 1
309 1
310 1
311 1
312 1
313 1
314 1
315 1
316 1
317 1
318 1
319 1
320 1
321 1
322 1
323 0
324 3
325 4
326 2
327 5
328 4
329 0
330 1
331 1
332 0
333 1
334 1
335 0
336 0
337 2
338 2
339 5
340 1
341 1
342 1
343 1
344 1
345 1
346 1
347 1
348 1
349 1
350 1
351 1
352 1
353 1
354 1
355 1
356 1
357 1
358 1
359 1
360 1
361 1
362 1
363 1
364 1
365 1
366 1
367 1
368 1
369 1
370 1
371 1
372 1
373 1
374 1
375 1
376 1
377 1
378 1
379 1
380 1
381 1
382 1
383 1
384 1
385 1
386 1
387 1
388 0
389 3
390 4
391 2
392 5
393 4
394 0
395 1
396 1
397 0
398 1
399 1
400 0
401 0
402 2
403 2
404 5
405 1
406 1
407 1
408 1
409 1
410 1
411 1
412 1
413 1
414 1
415 1
416 1
417 1
418 1
419 1
420 1
421 1
422 1
423 1
424 1
425 1
426 1
427 1
428 1
429 1
430 1
431 1
432 1
433 1
434 1
435 1
436 1
437 1
438 1
439 1
440 1
441 1
442 1
443 1
444 1
445 1
446 1
447 1
448 1
449 1
450 1
451 1
452 1
453 0
454 3
455 4
456 2
457 5
458 4
459 0
460 1
461 1
462 0
463 1
464 1
465 0
466 0
467 2
468 2
469 5
470 1
471 1
472 1
473 1
474 1
475 1
476 1
477 1
478 1
479 1
480 1
481 1
482 1
483 1
484 1
485 1
486 1
487 1
488 1
489 1
490 1
491 1
492 1
493 1
494 1
495 1
496 1
497 1
498 1
499 1
500 1
501 1
502 1
503 1
504 1
505 1
506 1
507 1
508 1
509 1
510 1
511 1
512 1
513 1
514 1
515 1
516 1
517 1
518 0
519 3
520 4
521 2
522 5
523 4
524 0
525 1
526 1
527 0
528 1
529 1
530 0
531 0
532 2
533 2
534 5
535 1
536 1
537 1
538 1
539 1
540 1
541 1
542 1
543 1
544 1
545 1
546 1
547 1
548 1
549 1
550 1
551 1
552 1
553 1
554 1
555 1
556 1
557 1
558 1
559 1
560 1
561 1
562 1
563 1
564 1
565 1
566 1
567 1
568 1
569 1
570 1
571 1
572 1
573 1
574 1
575 1
576 1
577 1
578 1
579 1
580 1
581 1
582 1
583 0
584 3
585 4
586 2
587 5
588 4
589 0
590 1
591 1
592 0
593 1
594 1
595 0
596 0
597 2
598 2
599 5
600 1
601 1
602 1
603 1
604 1
605 1
606 1
607 1
608 1
609 1
610 1
611 1
612 1
613 1
614 1
615 1
616 1
617 1
618 1
619 1
620 1
621 1
622 1
623 1
624 1
625 1
626 1
627 1
628 1
629 1
630 1
631 1
632 1
633 1
634 1
635 1
636 1
637 1
638 1
639 1
640 1
641 1
642 1
643 1
644 1
645 1
646 1
647 1
648 0
649 3
650 4
651 2
652 5
653 4
654 0
655 1
656 1
657 0
658 1
659 1
660 0
661 0
662 2
663 2
664 5
665 1
666 1
667 1
668 1
669 1
670 1
671 1
672 1
673 1
674 1
675 1
676 1
677 1
678 1
679 1
680 1
681 1
682 1
683 1
684 1
685 1
686 1
687 1
688 1
689 1
690 1
691 1
692 1
693 1
694 1
695 1
696 1
697 1
698 1
699 1
700 1
701 1
702 1
703 1
704 1
705 1
706 1
707 1
708 1
709 1
710 1
711 1
712 1
713 0
714 3
715 4
716 2
717 5
718 4
719 0
720 1
721 1
722 0
723 1
724 1
725 0
726 0
727 2
728 2
729 5
730 1
731 1
732 1
733 1
734 1
735 1
736 1
737 1
738 1
739 1
740 1
741 1
742 1
743 1
744 1
745 1
746 1
747 1
748 1
749 1
750 1
751 1
752 1
753 1
754 1
755 1
756 1
757 1
758 1
759 1
760 1
761 1
762 1
763 1
764 1
765 1
766 1
767 1
768 1
769 1
770 1
771 1
772 1
773 1
774 1
775 1
776 1
777 1
778 0
779 3
780 4
781 2
782 5
783 4
784 0
785 1
786 1
787 0
788 1
789 1
790 0
791 0
792 2
793 2
794 5
795 1
796 1
797 1
798 1
799 1
800 1
801 1
802 1
803 1
804 1
805 1
806 1
807 1
808 1
809 1
810 1
811 1
812 1
813 1
814 1
815 1
816 1
817 1
818 1
819 1
820 1
821 1
822 1
823 1
824 1
825 1
826 1
827 1
828 1
829 1
830 1
831 1
832 1
833 1
834 1
835 1
836 1
837 1
838 1
839 1
840 1
841 1
842 1
843 0
844 3
845 4
846 2
847 5
848 4
849 0
850 1
851 1
852 0
853 1
854 1
855 0
856 0
857 2
858 2
859 5
860 1
861 1
862 1
863 1
864 1
865 1
866 1
867 1
868 1
869 1
870 1
871 1
872 1
873 1
874 1
875 1
876 1
877 1
878 1
879 1
880 1
881 1
882 1
883 1
884 1
885 1
886 1
887 1
888 1
889 1
890 1
891 1
892 1
893 1
894 1
895 1
896 1
897 1
898 1
899 1
900 1
901 1
902 1
903 1
904 1
905 1
906 1
907 1
908 0
909 3
910 4
911 2
912 5
913 4
914 0
915 1
916 1
917 0
918 1
919 1
920 0
921 0
922 2
923 2
924 5
925 1
926 1
927 1
928 1
929 1
930 1
931 1
932 1
933 1
934 1
935 1
936 1
937 1
938 1
939 1
940 1
941 1
942 1
943 1
944 1
945 1
946 1
947 1
948 1
949 1
950 1
951 1
952 1
953 1
954 1
955 1
956 1
957 1
958 1
959 1
960 1
961 1
962 1
963 1
964 1
965 1
966 1
967 1
968 1
969 1
970 1
971 1
972 1
973 0
974 3
975 4
976 2
977 5
978 4
979 0
980 1
981 1
982 0
983 1
984 1
985 0
986 0
987 2
988 2
989 5
990 1
991 1
992 1
993 1
994 1
995 1
996 1
997 1
998 1
999 1
1000 1
1001 1
1002 1
1003 1
1004 1
1005 1
1006 1
1007 1
1008 1
1009 1
1010 1
1011 1
1012 1
1013 1
1014 1
1015 1
1016 1
1017 1
1018 1
1019 1
1020 1
1021 1
1022 1
1023 1
1024 1
1025 1
1026 1
1027 1
1028 1
1029 1
1030 1
1031 1
1032 1
1033 1
1034 1
1035 1
1036 1
1037 1
1038 1
1039 0
1040 3
1041 4
1042 0
1043 2
1044 5
1045 4
1046 0
1047 1
1048 1
1049 0
1050 1
1051 1
1052 0
1053 0
1054 2
1055 2
1056 5
0 0
0 72
0 142
0 210
0 275
0 340
0 405
0 470
0 535
0 600
0 665
0 730
0 795
0 860
0 925
0 990
1 1
1 73
1 143
1 211
1 276
1 341
1 406
1 471
1 536
1 601
1 666
1 731
1 796
1 861
1 926
1 991
2 2
2 74
2 144
2 212
2 277
2 342
2 407
2 472
2 537
2 602
2 667
2 732
2 797
2 862
2 927
2 992
3 3
3 75
3 145
3 213
3 278
3 343
3 408
3 473
3 538
3 603
3 668
3 733
3 798
3 863
3 928
3 993
4 4
4 76
4 146
4 214
4 279
4 344
4 409
4 474
4 539
4 604
4 669
4 734
4 799
4 864
4 929
4 994
5 5
5 77
5 147
5 215
5 280
5 345
5 410
5 475
5 540
5 605
5 670
5 735
5 800
5 865
5 930
5 995
6 6
6 78
6 148
6 216
6 281
6 346
6 411
6 476
6 541
6 606
6 671
6 736
6 801
6 866
6 931
6 996
7 7
7 79
7 149
7 217
7 282
7 347
7 412
7 477
7 542
7 607
7 672
7 737
7 802
7 867
7 932
7 997
8 8
8 80
8 150
8 218
8 283
8 348
8 413
8 478
8 543
8 608
8 673
8 738
8 803
8 868
8 933
8 998
9 9
9 81
9 151
9 219
9 284
9 349
9 414
9 479
9 544
9 609
9 674
9 739
9 804
9 869
9 934
9 999
10 10
10 1000
11 11
11 82
12 12
12 83
12 152
12 220
12 285
12 350
12 415
12 480
12 545
12 610
12 675
12 740
12 805
12 870
12 935
12 1001
13 13
13 84
13 153
13 221
13 286
13 351
13 416
13 481
13 546
13 611
13 676
13 741
13 806
13 871
13 936
13 1002
14 14
14 85
14 154
14 222
14 287
14 352
14 417
14 482
14 547
14 612
14 677
14 742
14 807
14 872
14 937
14 1003
15 15
15 86
15 155
15 223
15 288
15 353
15 418
15 483
15 548
15 613
15 678
15 743
15 808
15 873
15 938
15 1004
16 16
16 87
16 156
16 224
16 289
16 354
16 419
16 484
16 549
16 614
16 679
16 744
16 809
16 874
16 939
16 1005
17 17
17 88
17 157
17 225
17 290
17 355
17 420
17 485
17 550
17 615
17 680
17 745
17 810
17 875
17 940
17 1006
18 18
18 89
18 158
18 226
18 291
18 356
18 421
18 486
18 551
18 616
18 681
18 746
18 811
18 876
18 941
18 1007
19 19
19 90
19 159
19 227
19 292
19 357
19 422
19 487
19 552
19 617
19 682
19 747
19 812
19 877
19 942
19 1008
20 20
20 91
20 160
20 228
20 293
20 358
20 423
20 488
20 553
20 618
20 683
20 748
20 813
20 878
20 943
20 1009
21 21
21 92
21 161
21 229
21 294
21 359
21 424
21 489
21 554
21 619
21 684
21 749
21 814
21 879
21 944
21 1010
22 22
22 93
22 162
22 230
22 295
22 360
22 425
22 490
22 555
22 620
22 685
22 750
22 815
22 880
22 945
22 1011
23 23
23 94
23 163
23 231
23 296
23 361
23 426
23 491
23 556
23 621
23 686
23 751
23 816
23 881
23 946
23 1012
24 24
24 95
24 164
24 232
24 297
24 362
24 427
24 492
24 557
24 622
24 687
24 752
24 817
24 882
24 947
24 1013
25 25
25 96
25 165
25 233
25 298
25 363
25 428
25 493
25 558
25 623
25 688
25 753
25 818
25 883
25 948
25 1014
26 26
26 97
26 166
27 27
27 98
27 167
27 234
27 299
27 364
27 429
27 494
27 559
27 624
27 689
27 754
27 819
27 884
27 949
27 1015
28 28
28 99
28 168
28 235
28 300
28 365
28 430
28 495
28 560
28 625
28 690
28 755
28 820
28 885
28 950
28 1016
29 29
29 100
29 169
29 236
29 301
29 366
29 431
29 496
29 561
29 626
29 691
29 756
29 821
29 886
29 951
29 1017
30 30
30 101
30 170
30 237
30 302
30 367
30 432
30 497
30 562
30 627
30 692
30 757
30 822
30 887
30 952
30 1018
31 31
31 102
31 171
31 238
31 303
31 368
31 433
31 498
31 563
31 628
31 693
31 758
31 823
31 888
31 953
31 1019
32 32
32 103
32 172
32 239
32 304
32 369
32 434
32 499
32 564
32 629
32 694
32 759
32 824
32 889
32 954
32 1020
33 33
33 104
33 173
34 34
34 105
34 174
34 240
34 305
34 370
34 435
34 500
34 565
34 630
34 695
34 760
34 825
34 890
34 955
34 1021
35 35
35 106
35 175
35 241
35 306
35 371
35 436
35 501
35 566
35 631
35 696
35 761
35 826
35 891
35 956
35 1022
36 36
36 107
36 176
36 242
36 307
36 372
36 437
36 502
36 567
36 632
36 697
36 762
36 827
36 892
36 957
36 1023
37 37
37 108
37 177
37 243
37 308
37 373
37 438
37 503
37 568
37 633
37 698
37 763
37 828
37 893
37 958
37 1024
38 38
38 109
38 178
38 244
38 309
38 374
38 439
38 504
38 569
38 634
38 699
38 764
38 829
38 894
38 959
38 1025
39 39
39 110
39 179
40 40
40 111
40 180
40 245
40 310
40 375
40 440
40 505
40 570
40 635
40 700
40 765
40 830
40 895
40 960
40 1026
41 41
41 112
41 181
41 246
41 311
41 376
41 441
41 506
41 571
41 636
41 701
41 766
41 831
41 896
41 961
41 1027
42 42
42 113
42 182
42 247
42 312
42 377
42 442
42 507
42 572
42 637
42 702
42 767
42 832
42 897
42 962
42 1028
43 43
43 114
43 183
43 248
43 313
43 378
43 443
43 508
43 573
43 638
43 703
43 768
43 833
43 898
43 963
43 1029
44 44
44 115
44 184
44 249
44 314
44 379
44 444
44 509
44 574
44 639
44 704
44 769
44 834
44 899
44 964
44 1030
45 45
45 116
45 185
45 250
45 315
45 380
45 445
45 510
45 575
45 640
45 705
45 770
45 835
45 900
45 965
45 1031
46 46
46 117
46 186
46 251
46 316
46 381
46 446
46 511
46 576
46 641
46 706
46 771
46 836
46 901
46 966
46 1032
47 47
47 118
47 187
47 252
47 317
47 382
47 447
47 512
47 577
47 642
47 707
47 772
47 837
47 902
47 967
47 1033
48 48
48 119
48 188
48 253
48 318
48 383
48 448
48 513
48 578
48 643
48 708
48 773
48 838
48 903
48 968
48 1034
49 49
49 120
49 189
49 254
49 319
49 384
49 449
49 514
49 579
49 644
49 709
49 774
49 839
49 904
49 969
49 1035
50 50
50 121
50 190
50 255
50 320
50 385
50 450
50 515
50 580
50 645
50 710
50 775
50 840
50 905
50 970
50 1036
51 51
51 122
51 191
51 256
51 321
51 386
51 451
51 516
51 581
51 646
51 711
51 776
51 841
51 906
51 971
51 1037
52 52
52 123
52 192
52 257
52 322
52 387
52 452
52 517
52 582
52 647
52 712
52 777
52 842
52 907
52 972
52 1038
53 53
53 73
53 83
53 86
53 118
54 54
54 84
54 107
54 112
55 55
55 74
55 87
55 92
55 113
56 56
56 82
57 57
57 97
57 104
57 110
58 58
58 75
58 111
59 59
59 76
59 93
59 101
59 103
59 114
59 119
60 60
60 77
60 120
61 61
61 94
61 99
61 105
62 62
62 106
62 108
63 63
63 78
63 95
63 115
64 64
64 88
64 96
65 65
65 89
65 116
65 121
66 66
66 98
66 122
67 67
67 90
67 102
67 123
68 68
68 79
68 85
68 91
69 69
69 80
69 109
69 117
70 70
70 72
70 100
71 71
71 81
72 72
72 124
73 73
73 125
74 74
74 125
75 75
75 125
76 76
76 125
77 77
77 126
78 78
78 126
79 79
79 126
80 80
80 126
81 81
81 126
82 82
82 127
83 83
83 128
84 84
84 128
85 85
85 128
86 86
86 129
87 87
87 129
88 88
88 129
89 89
89 129
90 90
90 129
91 91
91 129
92 92
92 130
93 93
93 130
94 94
94 130
95 95
95 130
96 96
96 130
97 97
97 131
98 98
98 131
99 99
99 132
100 100
100 132
101 101
101 133
102 102
102 133
103 103
103 134
104 104
104 135
105 105
105 135
106 106
106 135
107 107
107 136
108 108
108 136
109 109
109 137
110 110
110 138
111 111
111 138
112 112
112 139
113 113
113 139
114 114
114 139
115 115
115 140
116 116
116 140
117 117
117 140
118 118
118 141
119 119
119 141
120 120
120 141
121 121
121 141
122 122
122 141
123 123
123 141
124 124
124 143
124 152
124 155
124 187
125 125
125 153
125 176
125 181
126 126
126 144
126 156
126 161
126 182
127 127
127 166
127 173
127 179
128 128
128 145
128 180
129 129
129 146
129 162
129 170
129 172
129 183
129 188
130 130
130 147
130 189
131 131
131 163
131 168
131 174
132 132
132 175
132 177
133 133
133 148
133 164
133 184
134 134
134 157
134 165
135 135
135 158
135 185
135 190
136 136
136 167
136 191
137 137
137 159
137 171
137 192
138 138
138 149
138 154
138 160
139 139
139 150
139 178
139 186
140 140
140 142
140 169
141 141
141 151
142 142
142 193
143 143
143 194
144 144
144 194
145 145
145 194
146 146
146 194
147 147
147 195
148 148
148 195
149 149
149 195
150 150
150 195
151 151
151 195
152 152
152 196
153 153
153 196
154 154
154 196
155 155
155 197
156 156
156 197
157 157
157 197
158 158
158 197
159 159
159 197
160 160
160 197
161 161
161 198
162 162
162 198
163 163
163 198
164 164
164 198
165 165
165 198
166 166
166 199
167 167
167 199
168 168
168 200
169 169
169 200
170 170
170 201
171 171
171 201
172 172
172 202
173 173
173 203
174 174
174 203
175 175
175 203
176 176
176 204
177 177
177 204
178 178
178 205
179 179
179 206
180 180
180 206
181 181
181 207
182 182
182 207
183 183
183 207
184 184
184 208
185 185
185 208
186 186
186 208
187 187
187 209
188 188
188 209
189 189
189 209
190 190
190 209
191 191
191 209
192 192
192 209
193 193
193 211
193 220
193 223
193 252
194 194
194 221
194 242
194 246
195 195
195 212
195 224
195 229
195 247
196 196
196 213
196 245
197 197
197 214
197 230
197 237
197 239
197 248
197 253
198 198
198 215
198 254
199 199
199 231
199 235
199 240
200 200
200 241
200 243
201 201
201 216
201 232
201 249
202 202
202 225
202 233
203 203
203 226
203 250
203 255
204 204
204 234
204 256
205 205
205 227
205 238
205 257
206 206
206 217
206 222
206 228
207 207
207 218
207 244
207 251
208 208
208 210
208 236
209 209
209 219
210 210
210 258
211 211
211 259
212 212
212 259
213 213
213 259
214 214
214 259
215 215
215 260
216 216
216 260
217 217
217 260
218 218
218 260
219 219
219 260
220 220
220 261
221 221
221 261
222 222
222 261
223 223
223 262
224 224
224 262
225 225
225 262
226 226
226 262
227 227
227 262
228 228
228 262
229 229
229 263
230 230
230 263
231 231
231 263
232 232
232 263
233 233
233 263
234 234
234 264
235 235
235 265
236 236
236 265
237 237
237 266
238 238
238 266
239 239
239 267
240 240
240 268
241 241
241 268
242 242
242 269
243 243
243 269
244 244
244 270
245 245
245 271
246 246
246 272
247 247
247 272
248 248
248 272
249 249
249 273
250 250
250 273
251 251
251 273
252 252
252 274
253 253
253 274
254 254
254 274
255 255
255 274
256 256
256 274
257 257
257 274
258 258
258 276
258 285
258 288
258 317
259 259
259 286
259 307
259 311
260 260
260 277
260 289
260 294
260 312
261 261
261 278
261 310
262 262
262 279
262 295
262 302
262 304
262 313
262 318
263 263
263 280
263 319
264 264
264 296
264 300
264 305
265 265
265 306
265 308
266 266
266 281
266 297
266 314
267 267
267 290
267 298
268 268
268 291
268 315
268 320
269 269
269 299
269 321
270 270
270 292
270 303
270 322
271 271
271 282
271 287
271 293
272 272
272 283
272 309
272 316
273 273
273 275
273 301
274 274
274 284
275 275
275 323
276 276
276 324
277 277
277 324
278 278
278 324
279 279
279 324
280 280
280 325
281 281
281 325
282 282
282 325
283 283
283 325
284 284
284 325
285 285
285 326
286 286
286 326
287 287
287 326
288 288
288 327
289 289
289 327
290 290
290 327
291 291
291 327
292 292
292 327
293 293
293 327
294 294
294 328
295 295
295 328
296 296
296 328
297 297
297 328
298 298
298 328
299 299
299 329
300 300
300 330
301 301
301 330
302 302
302 331
303 303
303 331
304 304
304 332
305 305
305 333
306 306
306 333
307 307
307 334
308 308
308 334
309 309
309 335
310 310
310 336
311 311
311 337
312 312
312 337
313 313
313 337
314 314
314 338
315 315
315 338
316 316
316 338
317 317
317 339
318 318
318 339
319 319
319 339
320 320
320 339
321 321
321 339
322 322
322 339
323 323
323 341
323 350
323 353
323 382
324 324
324 351
324 372
324 376
325 325
325 342
325 354
325 359
325 377
326 326
326 343
326 375
327 327
327 344
327 360
327 367
327 369
327 378
327 383
328 328
328 345
328 384
329 329
329 361
329 365
329 370
330 330
330 371
330 373
331 331
331 346
331 362
331 379
332 332
332 355
332 363
333 333
333 356
333 380
333 385
334 334
334 364
334 386
335 335
335 357
335 368
335 387
336 336
336 347
336 352
336 358
337 337
337 348
337 374
337 381
338 338
338 340
338 366
339 339
339 349
340 340
340 388
341 341
341 389
342 342
342 389
343 343
343 389
344 344
344 389
345 345
345 390
346 346
346 390
347 347
347 390
348 348
348 390
349 349
349 390
350 350
350 391
351 351
351 391
352 352
352 391
353 353
353 392
354 354
354 392
355 355
355 392
356 356
356 392
357 357
357 392
358 358
358 392
359 359
359 393
360 360
360 393
361 361
361 393
362 362
362 393
363 363
363 393
364 364
364 394
365 365
365 395
366 366
366 395
367 367
367 396
368 368
368 396
369 369
369 397
370 370
370 398
371 371
371 398
372 372
372 399
373 373
373 399
374 374
374 400
375 375
375 401
376 376
376 402
377 377
377 402
378 378
378 402
379 379
379 403
380 380
380 403
381 381
381 403
382 382
382 404
383 383
383 404
384 384
384 404
385 385
385 404
386 386
386 404
387 387
387 404
388 388
388 406
388 415
388 418
388 447
389 389
389 416
389 437
389 441
390 390
390 407
390 419
390 424
390 442
391 391
391 408
391 440
392 392
392 409
392 425
392 432
392 434
392 443
392 448
393 393
393 410
393 449
394 394
394 426
394 430
394 435
395 395
395 436
395 438
396 396
396 411
396 427
396 444
397 397
397 420
397 428
398 398
398 421
398 445
398 450
399 399
399 429
399 451
400 400
400 422
400 433
400 452
401 401
401 412
401 417
401 423
402 402
402 413
402 439
402 446
403 403
403 405
403 431
404 404
404 414
405 405
405 453
406 406
406 454
407 407
407 454
408 408
408 454
409 409
409 454
410 410
410 455
411 411
411 455
412 412
412 455
413 413
413 455
414 414
414 455
415 415
415 456
416 416
416 456
417 417
417 456
418 418
418 457
419 419
419 457
420 420
420 457
421 421
421 457
422 422
422 457
423 423
423 457
424 424
424 458
425 425
425 458
426 426
426 458
427 427
427 458
428 428
428 458
429 429
429 459
430 430
430 460
431 431
431 460
432 432
432 461
433 433
433 461
434 434
434 462
435 435
435 463
436 436
436 463
437 437
437 464
438 438
438 464
439 439
439 465
440 440
440 466
441 441
441 467
442 442
442 467
443 443
443 467
444 444
444 468
445 445
445 468
446 446
446 468
447 447
447 469
448 448
448 469
449 449
449 469
450 450
450 469
451 451
451 469
452 452
452 469
453 453
453 471
453 480
453 483
453 512
454 454
454 481
454 502
454 506
455 455
455 472
455 484
455 489
455 507
456 456
456 473
456 505
457 457
457 474
457 490
457 497
457 499
457 508
457 513
458 458
458 475
458 514
459 459
459 491
459 495
459 500
460 460
460 501
460 503
461 461
461 476
461 492
461 509
462 462
462 485
462 493
463 463
463 486
463 510
463 515
464 464
464 494
464 516
465 465
465 487
465 498
465 517
466 466
466 477
466 482
466 488
467 467
467 478
467 504
467 511
468 468
468 470
468 496
469 469
469 479
470 470
470 518
471 471
471 519
472 472
472 519
473 473
473 519
474 474
474 519
475 475
475 520
476 476
476 520
477 477
477 520
478 478
478 520
479 479
479 520
480 480
480 521
481 481
481 521
482 482
482 521
483 483
483 522
484 484
484 522
485 485
485 522
486 486
486 522
487 487
487 522
488 488
488 522
489 489
489 523
490 490
490 523
491 491
491 523
492 492
492 523
493 493
493 523
494 494
494 524
495 495
495 525
496 496
496 525
497 497
497 526
498 498
498 526
499 499
499 527
500 500
500 528
501 501
501 528
502 502
502 529
503 503
503 529
504 504
504 530
505 505
505 531
506 506
506 532
507 507
507 532
508 508
508 532
509 509
509 533
510 510
510 533
511 511
511 533
512 512
512 534
513 513
513 534
514 514
514 534
515 515
515 534
516 516
516 534
517 517
517 534
518 518
518 536
518 545
518 548
518 577
519 519
519 546
519 567
519 571
520 520
520 537
520 549
520 554
520 572
521 521
521 538
521 570
522 522
522 539
522 555
522 562
522 564
522 573
522 578
523 523
523 540
523 579
524 524
524 556
524 560
524 565
525 525
525 566
525 568
526 526
526 541
526 557
526 574
527 527
527 550
527 558
528 528
528 551
528 575
528 580
529 529
529 559
529 581
530 530
530 552
530 563
530 582
531 531
531 542
531 547
531 553
532 532
532 543
532 569
532 576
533 533
533 535
533 561
534 534
534 544
535 535
535 583
536 536
536 584
537 537
537 584
538 538
538 584
539 539
539 584
540 540
540 585
541 541
541 585
542 542
542 585
543 543
543 585
544 544
544 585
545 545
545 586
546 546
546 586
547 547
547 586
548 548
548 587
549 549
549 587
550 550
550 587
551 551
551 587
552 552
552 587
553 553
553 587
554 554
554 588
555 555
555 588
556 556
556 588
557 557
557 588
558 558
558 588
559 559
559 589
560 560
560 590
561 561
561 590
562 562
562 591
563 563
563 591
564 564
564 592
565 565
565 593
566 566
566 593
567 567
567 594
568 568
568 594
569 569
569 595
570 570
570 596
571 571
571 597
572 572
572 597
573 573
573 597
574 574
574 598
575 575
575 598
576 576
576 598
577 577
577 599
578 578
578 599
579 579
579 599
580 580
580 599
581 581
581 599
582 582
582 599
583 583
583 601
583 610
583 613
583 642
584 584
584 611
584 632
584 636
585 585
585 602
585 614
585 619
585 637
586 586
586 603
586 635
587 587
587 604
587 620
587 627
587 629
587 638
587 643
588 588
588 605
588 644
589 589
589 621
589 625
589 630
590 590
590 631
590 633
591 591
591 606
591 622
591 639
592 592
592 615
592 623
593 593
593 616
593 640
593 645
594 594
594 624
594 646
595 595
595 617
595 628
595 647
596 596
596 607
596 612
596 618
597 597
597 608
597 634
597 641
598 598
598 600
598 626
599 599
599 609
600 600
600 648
601 601
601 649
602 602
602 649
603 603
603 649
604 604
604 649
605 605
605 650
606 606
606 650
607 607
607 650
608 608
608 650
609 609
609 650
610 610
610 651
611 611
611 651
612 612
612 651
613 613
613 652
614 614
614 652
615 615
615 652
616 616
616 652
617 617
617 652
618 618
618 652
619 619
619 653
620 620
620 653
621 621
621 653
622 622
622 653
623 623
623 653
624 624
624 654
625 625
625 655
626 626
626 655
627 627
627 656
628 628
628 656
629 629
629 657
630 630
630 658
631 631
631 658
632 632
632 659
633 633
633 659
634 634
634 660
635 635
635 661
636 636
636 662
637 637
637 662
638 638
638 662
639 639
639 663
640 640
640 663
641 641
641 663
642 642
642 664
643 643
643 664
644 644
644 664
645 645
645 664
646 646
646 664
647 647
647 664
648 648
648 666
648 675
648 678
648 707
649 649
649 676
649 697
649 701
650 650
650 667
650 679
650 684
650 702
651 651
651 668
651 700
652 652
652 669
652 685
652 692
652 694
652 703
652 708
653 653
653 670
653 709
654 654
654 686
654 690
654 695
655 655
655 696
655 698
656 656
656 671
656 687
656 704
657 657
657 680
657 688
658 658
658 681
658 705
658 710
659 659
659 689
659 711
660 660
660 682
660 693
660 712
661 661
661 672
661 677
661 683
662 662
662 673
662 699
662 706
663 663
663 665
663 691
664 664
664 674
665 665
665 713
666 666
666 714
667 667
667 714
668 668
668 714
669 669
669 714
670 670
670 715
671 671
671 715
672 672
672 715
673 673
673 715
674 674
674 715
675 675
675 716
676 676
676 716
677 677
677 716
678 678
678 717
679 679
679 717
680 680
680 717
681 681
681 717
682 682
682 717
683 683
683 717
684 684
684 718
685 685
685 718
686 686
686 718
687 687
687 718
688 688
688 718
689 689
689 719
690 690
690 720
691 691
691 720
692 692
692 721
693 693
693 721
694 694
694 722
695 695
695 723
696 696
696 723
697 697
697 724
698 698
698 724
699 699
699 725
700 700
700 726
701 701
701 727
702 702
702 727
703 703
703 727
704 704
704 728
705 705
705 728
706 706
706 728
707 707
707 729
708 708
708 729
709 709
709 729
710 710
710 729
711 711
711 729
712 712
712 729
713 713
713 731
713 740
713 743
713 772
714 714
714 741
714 762
714 766
715 715
715 732
715 744
715 749
715 767
716 716
716 733
716 765
717 717
717 734
717 750
717 757
717 759
717 768
717 773
718 718
718 735
718 774
719 719
719 751
719 755
719 760
720 720
720 761
720 763
721 721
721 736
721 752
721 769
722 722
722 745
722 753
723 723
723 746
723 770
723 775
724 724
724 754
724 776
725 725
725 747
725 758
725 777
726 726
726 737
726 742
726 748
727 727
727 738
727 764
727 771
728 728
728 730
728 756
729 729
729 739
730 730
730 778
731 731
731 779
732 732
732 779
733 733
733 779
734 734
734 779
735 735
735 780
736 736
736 780
737 737
737 780
738 738
738 780
739 739
739 780
740 740
740 781
741 741
741 781
742 742
742 781
743 743
743 782
744 744
744 782
745 745
745 782
746 746
746 782
747 747
747 782
748 748
748 782
749 749
749 783
750 750
750 783
751 751
751 783
752 752
752 783
753 753
753 783
754 754
754 784
755 755
755 785
756 756
756 785
757 757
757 786
758 758
758 786
759 759
759 787
760 760
760 788
761 761
761 788
762 762
762 789
763 763
763 789
764 764
764 790
765 765
765 791
766 766
766 792
767 767
767 792
768 768
768 792
769 769
769 793
770 770
770 793
771 771
771 793
772 772
772 794
773 773
773 794
774 774
774 794
775 775
775 794
776 776
776 794
777 777
777 794
778 778
778 796
778 805
778 808
778 837
779 779
779 806
779 827
779 831
780 780
780 797
780 809
780 814
780 832
781 781
781 798
781 830
782 782
782 799
782 815
782 822
782 824
782 833
782 838
783 783
783 800
783 839
784 784
784 816
784 820
784 825
785 785
785 826
785 828
786 786
786 801
786 817
786 834
787 787
787 810
787 818
788 788
788 811
788 835
788 840
789 789
789 819
789 841
790 790
790 812
790 823
790 842
791 791
791 802
791 807
791 813
792 792
792 803
792 829
792 836
793 793
793 795
793 821
794 794
794 804
795 795
795 843
796 796
796 844
797 797
797 844
798 798
798 844
799 799
799 844
800 800
800 845
801 801
801 845
802 802
802 845
803 803
803 845
804 804
804 845
805 805
805 846
806 806
806 846
807 807
807 846
808 808
808 847
809 809
809 847
810 810
810 847
811 811
811 847
812 812
812 847
813 813
813 847
814 814
814 848
815 815
815 848
816 816
816 848
817 817
817 848
818 818
818 848
819 819
819 849
820 820
820 850
821 821
821 850
822 822
822 851
823 823
823 851
824 824
824 852
825 825
825 853
826 826
826 853
827 827
827 854
828 828
828 854
829 829
829 855
830 830
830 856
831 831
831 857
832 832
832 857
833 833
833 857
834 834
834 858
835 835
835 858
836 836
836 858
837 837
837 859
838 838
838 859
839 839
839 859
840 840
840 859
841 841
841 859
842 842
842 859
843 843
843 861
843 870
843 873
843 902
844 844
844 871
844 892
844 896
845 845
845 862
845 874
845 879
845 897
846 846
846 863
846 895
847 847
847 864
847 880
847 887
847 889
847 898
847 903
848 848
848 865
848 904
849 849
849 881
849 885
849 890
850 850
850 891
850 893
851 851
851 866
851 882
851 899
852 852
852 875
852 883
853 853
853 876
853 900
853 905
854 854
854 884
854 906
855 855
855 877
855 888
855 907
856 856
856 867
856 872
856 878
857 857
857 868
857 894
857 901
858 858
858 860
858 886
859 859
859 869
860 860
860 908
861 861
861 909
862 862
862 909
863 863
863 909
864 864
864 909
865 865
865 910
866 866
866 910
867 867
867 910
868 868
868 910
869 869
869 910
870 870
870 911
871 871
871 911
872 872
872 911
873 873
873 912
874 874
874 912
875 875
875 912
876 876
876 912
877 877
877 912
878 878
878 912
879 879
879 913
880 880
880 913
881 881
881 913
882 882
882 913
883 883
883 913
884 884
884 914
885 885
885 915
886 886
886 915
887 887
887 916
888 888
888 916
889 889
889 917
890 890
890 918
891 891
891 918
892 892
892 919
893 893
893 919
894 894
894 920
895 895
895 921
896 896
896 922
897 897
897 922
898 898
898 922
899 899
899 923
900 900
900 923
901 901
901 923
902 902
902 924
903 903
903 924
904 904
904 924
905 905
905 924
906 906
906 924
907 907
907 924
908 908
908 926
908 935
908 938
908 967
909 909
909 936
909 957
909 961
910 910
910 927
910 939
910 944
910 962
911 911
911 928
911 960
912 912
912 929
912 945
912 952
912 954
912 963
912 968
913 913
913 930
913 969
914 914
914 946
914 950
914 955
915 915
915 956
915 958
916 916
916 931
916 947
916 964
917 917
917 940
917 948
918 918
918 941
918 965
918 970
919 919
919 949
919 971
920 920
920 942
920 953
920 972
921 921
921 932
921 937
921 943
922 922
922 933
922 959
922 966
923 923
923 925
923 951
924 924
924 934
925 925
925 973
926 926
926 974
927 927
927 974
928 928
928 974
929 929
929 974
930 930
930 975
931 931
931 975
932 932
932 975
933 933
933 975
934 934
934 975
935 935
935 976
936 936
936 976
937 937
937 976
938 938
938 977
939 939
939 977
940 940
940 977
941 941
941 977
942 942
942 977
943 943
943 977
944 944
944 978
945 945
945 978
946 946
946 978
947 947
947 978
948 948
948 978
949 949
949 979
950 950
950 980
951 951
951 980
952 952
952 981
953 953
953 981
954 954
954 982
955 955
955 983
956 956
956 983
957 957
957 984
958 958
958 984
959 959
959 985
960 960
960 986
961 961
961 987
962 962
962 987
963 963
963 987
964 964
964 988
965 965
965 988
966 966
966 988
967 967
967 989
968 968
968 989
969 969
969 989
970 970
970 989
971 971
971 989
972 972
972 989
973 973
973 991
973 1001
973 1004
973 1033
974 974
974 1002
974 1023
974 1027
975 975
975 992
975 1005
975 1010
975 1028
976 976
976 993
976 1026
977 977
977 994
977 1011
977 1018
977 1020
977 1029
977 1034
978 978
978 995
978 1035
979 979
979 1012
979 1016
979 1021
980 980
980 1022
980 1024
981 981
981 996
981 1000
981 1013
981 1030
982 982
982 1006
982 1014
983 983
983 1007
983 1031
983 1036
984 984
984 1015
984 1037
985 985
985 1008
985 1019
985 1038
986 986
986 997
986 1003
986 1009
987 987
987 998
987 1025
987 1032
988 988
988 990
988 1017
989 989
989 999
990 990
990 1039
991 991
991 1040
992 992
992 1040
993 993
993 1040
994 994
994 1040
995 995
995 1041
996 996
996 1041
997 997
997 1041
998 998
998 1041
999 999
999 1041
1000 1000
1000 1042
1001 1001
1001 1043
1002 1002
1002 1043
1003 1003
1003 1043
1004 1004
1004 1044
1005 1005
1005 1044
1006 1006
1006 1044
1007 1007
1007 1044
1008 1008
1008 1044
1009 1009
1009 1044
1010 1010
1010 1045
1011 1011
1011 1045
1012 1012
1012 1045
1013 1013
1013 1045
1014 1014
1014 1045
1015 1015
1015 1046
1016 1016
1016 1047
1017 1017
1017 1047
1018 1018
1018 1048
1019 1019
1019 1048
1020 1020
1020 1049
1021 1021
1021 1050
1022 1022
1022 1050
1023 1023
1023 1051
1024 1024
1024 1051
1025 1025
1025 1052
1026 1026
1026 1053
1027 1027
1027 1054
1028 1028
1028 1054
1029 1029
1029 1054
1030 1030
1030 1055
1031 1031
1031 1055
1032 1032
1032 1055
1033 1033
1033 1056
1034 1034
1034 1056
1035 1035
1035 1056
1036 1036
1036 1056
1037 1037
1037 1056
1038 1038
1038 1056
