%HyperDAG model of naive implementation of A^4 *v with sparse matrix A and dense vector v.
%The probability for having a nonzero in any cell of matrix A is 0.40
94 100 262
0 1
1 1
2 1
3 1
4 1
5 1
6 1
7 1
8 1
9 1
10 1
11 1
12 1
13 1
14 1
15 1
16 1
17 1
18 1
19 1
20 1
21 1
22 1
23 1
24 1
25 1
26 1
27 1
28 1
29 1
30 1
31 1
32 1
33 1
34 1
35 1
36 1
37 1
38 1
39 1
40 1
41 1
42 1
43 1
44 1
45 1
46 1
47 1
48 1
49 1
50 1
51 1
52 1
53 1
54 1
55 1
56 1
57 1
58 1
59 1
60 1
61 1
62 1
63 1
64 1
65 1
66 1
67 1
68 1
69 1
70 1
71 1
72 1
73 1
74 1
75 1
76 1
77 1
78 1
79 1
80 1
81 1
82 1
83 1
84 1
85 1
86 1
87 1
88 1
89 1
90 1
91 1
92 1
93 1
0 0
1 0
2 0
3 0
4 0
5 0
6 0
7 0
8 0
9 0
10 0
11 0
12 0
13 0
14 0
15 0
16 0
17 0
18 0
19 0
20 1
21 1
22 1
23 1
24 1
25 1
26 1
27 1
28 1
29 1
30 1
31 1
32 1
33 1
34 1
35 1
36 0
37 3
38 3
39 0
40 1
41 1
42 1
43 1
44 1
45 1
46 1
47 1
48 1
49 1
50 1
51 1
52 1
53 1
54 1
55 1
56 0
57 3
58 3
59 0
60 1
61 1
62 1
63 1
64 1
65 1
66 1
67 1
68 1
69 1
70 1
71 1
72 1
73 1
74 1
75 1
76 0
77 3
78 3
79 0
80 1
81 1
82 1
83 1
84 1
85 1
86 1
87 1
88 1
89 1
90 1
91 1
92 1
93 1
94 1
95 1
96 0
97 3
98 3
99 0
0 0
0 20
0 40
0 60
0 80
1 1
1 21
1 41
1 61
1 81
2 2
2 22
2 42
2 62
2 82
3 3
3 23
3 43
3 63
3 83
4 4
4 24
4 44
4 64
4 84
5 5
5 25
5 45
5 65
5 85
6 6
6 26
6 46
6 66
6 86
7 7
7 27
7 47
7 67
7 87
8 8
8 28
8 48
8 68
8 88
9 9
9 29
9 49
9 69
9 89
10 10
10 30
10 50
10 70
10 90
11 11
11 31
11 51
11 71
11 91
12 12
12 32
12 52
12 72
12 92
13 13
13 33
13 53
13 73
13 93
14 14
14 22
14 24
14 25
14 29
15 15
15 20
16 16
16 23
16 26
16 30
17 17
17 27
17 31
17 33
18 18
18 28
19 19
19 21
19 32
20 20
20 34
21 21
21 34
22 22
22 35
23 23
23 35
24 24
24 36
25 25
25 37
26 26
26 37
27 27
27 37
28 28
28 37
29 29
29 38
30 30
30 38
31 31
31 38
32 32
32 38
33 33
33 39
34 34
34 42
34 44
34 45
34 49
35 35
35 40
36 36
36 43
36 46
36 50
37 37
37 47
37 51
37 53
38 38
38 48
39 39
39 41
39 52
40 40
40 54
41 41
41 54
42 42
42 55
43 43
43 55
44 44
44 56
45 45
45 57
46 46
46 57
47 47
47 57
48 48
48 57
49 49
49 58
50 50
50 58
51 51
51 58
52 52
52 58
53 53
53 59
54 54
54 62
54 64
54 65
54 69
55 55
55 60
56 56
56 63
56 66
56 70
57 57
57 67
57 71
57 73
58 58
58 68
59 59
59 61
59 72
60 60
60 74
61 61
61 74
62 62
62 75
63 63
63 75
64 64
64 76
65 65
65 77
66 66
66 77
67 67
67 77
68 68
68 77
69 69
69 78
70 70
70 78
71 71
71 78
72 72
72 78
73 73
73 79
74 74
74 82
74 84
74 85
74 89
75 75
75 80
76 76
76 83
76 86
76 90
77 77
77 87
77 91
77 93
78 78
78 88
79 79
79 81
79 92
80 80
80 94
81 81
81 94
82 82
82 95
83 83
83 95
84 84
84 96
85 85
85 97
86 86
86 97
87 87
87 97
88 88
88 97
89 89
89 98
90 90
90 98
91 91
91 98
92 92
92 98
93 93
93 99
