%HyperDAG model of naive implementation of 4 iterations of kNN, starting from node number 5 (i.e. sparse vector with 1 entry).
%The probability for having a nonzero in any cell of matrix A is 0.40, and the main diagonal is set to 1.
63 69 168
0 1
1 1
2 1
3 1
4 1
5 1
6 1
7 1
8 1
9 1
10 1
11 1
12 1
13 1
14 1
15 1
16 1
17 1
18 1
19 1
20 1
21 1
22 1
23 1
24 1
25 1
26 1
27 1
28 1
29 1
30 1
31 1
32 1
33 1
34 1
35 1
36 1
37 1
38 1
39 1
40 1
41 1
42 1
43 1
44 1
45 1
46 1
47 1
48 1
49 1
50 1
51 1
52 1
53 1
54 1
55 1
56 1
57 1
58 1
59 1
60 1
61 1
62 1
0 0
1 0
2 0
3 0
4 0
5 0
6 0
7 0
8 0
9 0
10 0
11 0
12 0
13 0
14 0
15 0
16 0
17 1
18 1
19 0
20 0
21 1
22 1
23 1
24 1
25 1
26 1
27 0
28 0
29 1
30 1
31 1
32 1
33 1
34 1
35 1
36 1
37 1
38 1
39 1
40 1
41 1
42 1
43 0
44 1
45 2
46 2
47 1
48 1
49 1
50 1
51 1
52 1
53 1
54 1
55 1
56 1
57 1
58 1
59 1
60 1
61 1
62 1
63 0
64 2
65 1
66 1
67 3
68 3
0 0
0 47
1 1
1 31
1 48
2 2
2 49
3 3
3 21
3 32
3 50
4 4
4 51
5 5
5 33
5 52
6 6
6 34
6 53
7 7
7 22
7 35
7 54
8 8
8 36
8 55
9 9
9 56
10 10
10 23
10 37
10 57
11 11
11 17
11 24
11 38
11 58
12 12
12 39
12 59
13 13
13 60
14 14
14 25
14 40
14 61
15 15
15 18
15 26
15 41
15 62
16 16
16 17
16 18
17 17
17 19
18 18
18 20
19 19
19 21
19 22
19 23
19 25
20 20
20 24
20 26
21 21
21 27
22 22
22 28
23 23
23 29
24 24
24 29
25 25
25 30
26 26
26 30
27 27
27 31
27 36
27 39
28 28
28 33
28 34
29 29
29 32
29 35
29 37
29 40
30 30
30 38
30 41
31 31
31 42
32 32
32 42
33 33
33 43
34 34
34 44
35 35
35 44
36 36
36 45
37 37
37 45
38 38
38 45
39 39
39 46
40 40
40 46
41 41
41 46
42 42
42 48
42 55
42 59
43 43
43 47
43 49
43 51
43 56
43 60
44 44
44 52
44 53
45 45
45 50
45 54
45 57
45 61
46 46
46 58
46 62
47 47
47 63
48 48
48 64
49 49
49 64
50 50
50 64
51 51
51 65
52 52
52 65
53 53
53 66
54 54
54 66
55 55
55 67
56 56
56 67
57 57
57 67
58 58
58 67
59 59
59 68
60 60
60 68
61 61
61 68
62 62
62 68
