%HyperDAG model of SpMV operation.
%The probability for having a nonzero in any cell of matrix A is 0.20
170 190 395
0 1
1 1
2 1
3 1
4 1
5 1
6 1
7 1
8 1
9 1
10 1
11 1
12 1
13 1
14 1
15 1
16 1
17 1
18 1
19 1
20 1
21 1
22 1
23 1
24 1
25 1
26 1
27 1
28 1
29 1
30 1
31 1
32 1
33 1
34 1
35 1
36 1
37 1
38 1
39 1
40 1
41 1
42 1
43 1
44 1
45 1
46 1
47 1
48 1
49 1
50 1
51 1
52 1
53 1
54 1
55 1
56 1
57 1
58 1
59 1
60 1
61 1
62 1
63 1
64 1
65 1
66 1
67 1
68 1
69 1
70 1
71 1
72 1
73 1
74 1
75 1
76 1
77 1
78 1
79 1
80 1
81 1
82 1
83 1
84 1
85 1
86 1
87 1
88 1
89 1
90 1
91 1
92 1
93 1
94 1
95 1
96 1
97 1
98 1
99 1
100 1
101 1
102 1
103 1
104 1
105 1
106 1
107 1
108 1
109 1
110 1
111 1
112 1
113 1
114 1
115 1
116 1
117 1
118 1
119 1
120 1
121 1
122 1
123 1
124 1
125 1
126 1
127 1
128 1
129 1
130 1
131 1
132 1
133 1
134 1
135 1
136 1
137 1
138 1
139 1
140 1
141 1
142 1
143 1
144 1
145 1
146 1
147 1
148 1
149 1
150 1
151 1
152 1
153 1
154 1
155 1
156 1
157 1
158 1
159 1
160 1
161 1
162 1
163 1
164 1
165 1
166 1
167 1
168 1
169 1
0 0
1 0
2 0
3 0
4 0
5 0
6 0
7 0
8 0
9 0
10 0
11 0
12 0
13 0
14 0
15 0
16 0
17 0
18 0
19 0
20 0
21 1
22 0
23 1
24 0
25 1
26 0
27 1
28 0
29 1
30 0
31 1
32 0
33 1
34 0
35 1
36 0
37 1
38 0
39 1
40 0
41 1
42 0
43 1
44 0
45 1
46 0
47 1
48 0
49 1
50 0
51 1
52 0
53 1
54 0
55 1
56 0
57 1
58 0
59 1
60 0
61 1
62 0
63 1
64 0
65 1
66 0
67 1
68 0
69 1
70 0
71 1
72 0
73 1
74 0
75 1
76 0
77 1
78 0
79 1
80 0
81 1
82 0
83 1
84 0
85 1
86 0
87 1
88 0
89 1
90 0
91 1
92 0
93 1
94 0
95 1
96 0
97 1
98 0
99 1
100 0
101 1
102 0
103 1
104 0
105 1
106 0
107 1
108 0
109 1
110 0
111 1
112 0
113 1
114 0
115 1
116 0
117 1
118 0
119 1
120 0
121 1
122 0
123 1
124 0
125 1
126 0
127 1
128 0
129 1
130 0
131 1
132 0
133 1
134 0
135 1
136 0
137 1
138 0
139 1
140 0
141 1
142 0
143 1
144 0
145 1
146 0
147 1
148 0
149 1
150 0
151 1
152 0
153 1
154 0
155 1
156 0
157 1
158 0
159 1
160 0
161 1
162 0
163 1
164 0
165 1
166 0
167 1
168 0
169 1
170 1
171 4
172 5
173 0
174 0
175 2
176 4
177 6
178 7
179 1
180 2
181 1
182 2
183 3
184 2
185 2
186 2
187 4
188 2
189 5
0 0
0 25
0 57
0 67
0 143
0 159
1 1
1 49
1 59
1 125
1 145
2 2
2 27
2 69
2 81
2 137
2 147
3 3
3 83
4 4
4 29
4 51
4 71
4 127
5 5
5 21
5 97
5 111
5 117
5 139
6 6
6 31
6 101
6 131
6 141
7 7
7 33
7 85
7 107
7 113
7 149
7 161
8 8
8 35
8 163
9 9
9 87
9 103
9 119
10 10
10 121
10 129
11 11
11 37
11 47
11 89
11 153
12 12
12 39
12 73
12 91
13 13
13 75
13 115
13 155
13 165
14 14
14 53
14 61
14 99
14 133
14 167
15 15
15 77
15 93
15 109
15 151
15 169
16 16
16 41
16 63
16 79
16 95
17 17
17 43
17 135
17 157
18 18
18 23
18 55
18 65
18 105
19 19
19 45
19 123
20 20
20 21
21 21
21 170
22 22
22 23
23 23
23 170
24 24
24 25
25 25
25 171
26 26
26 27
27 27
27 171
28 28
28 29
29 29
29 171
30 30
30 31
31 31
31 171
32 32
32 33
33 33
33 171
34 34
34 35
35 35
35 172
36 36
36 37
37 37
37 172
38 38
38 39
39 39
39 172
40 40
40 41
41 41
41 172
42 42
42 43
43 43
43 172
44 44
44 45
45 45
45 172
46 46
46 47
47 47
47 173
48 48
48 49
49 49
49 174
50 50
50 51
51 51
51 175
52 52
52 53
53 53
53 175
54 54
54 55
55 55
55 175
56 56
56 57
57 57
57 176
58 58
58 59
59 59
59 176
60 60
60 61
61 61
61 176
62 62
62 63
63 63
63 176
64 64
64 65
65 65
65 176
66 66
66 67
67 67
67 177
68 68
68 69
69 69
69 177
70 70
70 71
71 71
71 177
72 72
72 73
73 73
73 177
74 74
74 75
75 75
75 177
76 76
76 77
77 77
77 177
78 78
78 79
79 79
79 177
80 80
80 81
81 81
81 178
82 82
82 83
83 83
83 178
84 84
84 85
85 85
85 178
86 86
86 87
87 87
87 178
88 88
88 89
89 89
89 178
90 90
90 91
91 91
91 178
92 92
92 93
93 93
93 178
94 94
94 95
95 95
95 178
96 96
96 97
97 97
97 179
98 98
98 99
99 99
99 179
100 100
100 101
101 101
101 180
102 102
102 103
103 103
103 180
104 104
104 105
105 105
105 180
106 106
106 107
107 107
107 181
108 108
108 109
109 109
109 181
110 110
110 111
111 111
111 182
112 112
112 113
113 113
113 182
114 114
114 115
115 115
115 182
116 116
116 117
117 117
117 183
118 118
118 119
119 119
119 183
120 120
120 121
121 121
121 183
122 122
122 123
123 123
123 183
124 124
124 125
125 125
125 184
126 126
126 127
127 127
127 184
128 128
128 129
129 129
129 184
130 130
130 131
131 131
131 185
132 132
132 133
133 133
133 185
134 134
134 135
135 135
135 185
136 136
136 137
137 137
137 186
138 138
138 139
139 139
139 186
140 140
140 141
141 141
141 186
142 142
142 143
143 143
143 187
144 144
144 145
145 145
145 187
146 146
146 147
147 147
147 187
148 148
148 149
149 149
149 187
150 150
150 151
151 151
151 187
152 152
152 153
153 153
153 188
154 154
154 155
155 155
155 188
156 156
156 157
157 157
157 188
158 158
158 159
159 159
159 189
160 160
160 161
161 161
161 189
162 162
162 163
163 163
163 189
164 164
164 165
165 165
165 189
166 166
166 167
167 167
167 189
168 168
168 169
169 169
169 189
